#A  P  sigma   slow   shigh   mu  
0.010 1439.601 0.0480 0.0000 0.3309 60.0162
0.032 346.241 0.0619 0.0000 0.2827 59.7868
0.100 75.419 0.6804 0.3259 0.8709 60.0940
0.316 13.731 0.2353 0.0014 0.4562 59.8021
1.000 1.841 0.7068 0.3276 0.8972 59.9290
3.162 0.166 0.0591 0.0000 0.2758 59.9471
10.000 0.011 0.1541 0.0000 0.6218 59.8805
31.623 0.001 0.3238 0.0001 0.9952 58.4612
0.010 1439.601 0.1720 0.0003 0.4387 59.9764
0.032 346.241 0.0395 0.0000 0.2897 59.9392
0.100 75.419 0.4543 0.1392 0.6662 59.9534
0.316 13.731 0.0433 0.0000 0.3041 60.1246
1.000 1.841 0.0619 0.0008 0.4296 60.0176
3.162 0.166 0.0519 0.0000 0.3462 60.1514
10.000 0.011 0.3666 0.0061 0.7345 60.1415
31.623 0.001 0.1727 0.0008 1.0397 59.9763
0.010 1439.601 0.5771 0.1992 0.7593 59.9302
0.032 346.241 0.2460 0.0000 0.4420 60.1233
0.100 75.419 0.5754 0.2146 0.7819 59.8616
0.316 13.731 0.5178 0.1970 0.7508 60.0614
1.000 1.841 0.3190 0.0006 0.4748 59.9970
3.162 0.166 0.0617 0.0007 0.4030 60.3443
10.000 0.011 0.1480 0.0000 0.6938 59.9895
31.623 0.001 1.5829 0.4287 2.4165 59.9925
0.010 1439.601 0.4206 0.1585 0.7146 60.1660
0.032 346.241 0.0474 0.0004 0.3819 60.2195
0.100 75.419 0.0371 0.0000 0.2749 60.0577
0.316 13.731 0.0399 0.0000 0.2791 60.0093
1.000 1.841 0.0605 0.0003 0.3023 60.0238
3.162 0.166 0.0657 0.0002 0.4241 60.0671
10.000 0.011 0.1540 0.0007 0.6649 59.9793
31.623 0.001 0.1656 0.0003 0.9481 60.1452
0.010 1439.601 0.3438 0.0025 0.4790 60.0158
0.032 346.241 0.6827 0.4067 0.9410 59.9217
0.100 75.419 0.6159 0.3171 0.8762 59.8845
0.316 13.731 0.7086 0.3700 0.9117 60.0488
1.000 1.841 0.6926 0.3953 0.9494 60.0449
3.162 0.166 0.4116 0.1068 0.6694 60.1444
10.000 0.011 0.8959 0.4149 1.3023 59.9283
31.623 0.001 1.7132 0.7799 2.5725 58.8896
0.010 1439.601 0.4668 0.0792 0.6106 60.0765
0.032 346.241 0.4223 0.0279 0.5391 59.9916
0.100 75.419 0.0496 0.0001 0.3553 60.0213
0.316 13.731 0.5371 0.1909 0.7455 59.9184
1.000 1.841 0.4046 0.0425 0.5652 60.0356
3.162 0.166 0.3538 0.0000 0.5212 59.9832
10.000 0.011 0.3597 0.0351 0.7399 59.7226
31.623 0.001 0.3274 0.0022 1.2533 59.4392
0.010 1439.601 0.0744 0.0000 0.3942 59.7831
0.032 346.241 0.0763 0.0000 0.3544 59.9897
0.100 75.419 0.0353 0.0000 0.2431 60.0121
0.316 13.731 0.5281 0.1467 0.6895 60.0759
1.000 1.841 0.0429 0.0009 0.2834 60.0244
3.162 0.166 0.0646 0.0000 0.3047 60.0106
10.000 0.011 0.0845 0.0000 0.4189 59.7178
31.623 0.001 0.9293 0.0629 1.3957 60.1461
0.010 1439.601 0.4557 0.0583 0.5855 59.9077
0.032 346.241 0.0470 0.0000 0.3593 59.9730
0.100 75.419 0.0572 0.0006 0.4078 59.9322
0.316 13.731 0.4952 0.1776 0.7376 59.9972
1.000 1.841 0.6921 0.3921 0.9510 60.1194
3.162 0.166 0.1664 0.0001 0.4293 59.9507
10.000 0.011 0.0941 0.0005 0.6509 60.3152
31.623 0.001 0.4429 0.0008 1.5267 59.7138
0.010 1439.601 0.6238 0.2882 0.8300 59.9481
0.032 346.241 0.6333 0.3450 0.8934 59.9334
0.100 75.419 0.4379 0.1004 0.6419 60.0957
0.316 13.731 0.3304 0.0462 0.5646 59.9875
1.000 1.841 0.0530 0.0002 0.3210 60.0383
3.162 0.166 0.6673 0.2750 0.8783 60.0087
10.000 0.011 0.1194 0.0000 0.4209 59.5270
31.623 0.001 0.1642 0.0005 0.9833 60.4809
0.010 1439.601 0.4778 0.1758 0.7234 59.9573
0.032 346.241 0.4651 0.1607 0.7148 60.0622
0.100 75.419 0.0521 0.0000 0.3363 60.0059
0.316 13.731 0.0702 0.0000 0.3170 59.9152
1.000 1.841 0.0756 0.0016 0.4650 59.9975
3.162 0.166 0.0577 0.0000 0.4112 60.0050
10.000 0.011 0.6957 0.2064 1.0603 60.1265
31.623 0.001 0.2605 0.0008 1.2393 60.4030
0.010 1439.601 0.0975 0.0000 0.3039 59.8887
0.032 346.241 0.3954 0.0464 0.5776 60.0943
0.100 75.419 0.0576 0.0001 0.3411 59.9899
0.316 13.731 0.5219 0.1572 0.7094 59.9439
1.000 1.841 0.0457 0.0001 0.3633 60.3518
3.162 0.166 0.0963 0.0000 0.4074 60.1117
10.000 0.011 0.9467 0.4863 1.3736 59.9431
31.623 0.001 0.3149 0.0003 1.2163 58.5375
0.010 1439.601 0.8094 0.5723 1.0555 59.9370
0.032 346.241 0.4915 0.1181 0.6584 59.8931
0.100 75.419 0.8619 0.6132 1.0567 59.8449
0.316 13.731 0.0535 0.0001 0.3124 60.0858
1.000 1.841 0.4317 0.0696 0.5852 59.8160
3.162 0.166 0.0706 0.0000 0.5056 59.9518
10.000 0.011 0.0895 0.0000 0.6459 59.7767
31.623 0.001 1.9896 1.0349 2.9854 59.4400
0.010 1439.601 0.0850 0.0010 0.4020 59.9352
0.032 346.241 0.3698 0.1202 0.6637 60.0574
0.100 75.419 0.5855 0.2595 0.8074 59.9894
0.316 13.731 0.5006 0.1249 0.6884 59.9472
1.000 1.841 0.5181 0.1721 0.7402 59.9962
3.162 0.166 0.7374 0.3843 0.9971 59.9900
10.000 0.011 0.0868 0.0001 0.4584 59.9404
31.623 0.001 1.2884 0.0000 1.8883 59.9009
0.010 1439.601 0.0687 0.0000 0.2786 60.0663
0.032 346.241 0.2767 0.0175 0.4961 60.0158
0.100 75.419 0.1139 0.0001 0.4361 60.1008
0.316 13.731 0.0958 0.0000 0.4498 60.0350
1.000 1.841 0.0488 0.0002 0.3161 59.9322
3.162 0.166 0.6613 0.2902 0.9052 60.0765
10.000 0.011 0.0944 0.0000 0.5087 59.7934
31.623 0.001 0.1573 0.0003 1.1212 58.7632
0.010 1439.601 0.0973 0.0024 0.4282 60.0057
0.032 346.241 0.4330 0.1061 0.6465 59.9255
0.100 75.419 0.0854 0.0001 0.3754 60.0394
0.316 13.731 0.0471 0.0000 0.2974 59.9460
1.000 1.841 0.0487 0.0001 0.2735 59.9956
3.162 0.166 0.2729 0.0011 0.4945 59.8485
10.000 0.011 0.0674 0.0001 0.4621 59.8751
31.623 0.001 0.1308 0.0000 0.8669 59.6194
0.010 1439.601 0.6173 0.2518 0.8243 60.0189
0.032 346.241 0.0402 0.0002 0.2929 60.0278
0.100 75.419 0.3700 0.0387 0.5360 60.0541
0.316 13.731 0.1103 0.0004 0.3667 59.8531
1.000 1.841 0.0793 0.0007 0.4005 59.9154
3.162 0.166 0.0756 0.0002 0.3158 60.0512
10.000 0.011 0.1024 0.0000 0.5197 60.3930
31.623 0.001 0.4202 0.0000 1.5901 60.9156
0.010 1439.601 0.0454 0.0001 0.2780 59.9549
0.032 346.241 0.0685 0.0002 0.3781 59.9887
0.100 75.419 0.0803 0.0000 0.2455 59.9799
0.316 13.731 0.6382 0.3120 0.8620 60.1175
1.000 1.841 0.0456 0.0002 0.2821 59.8981
3.162 0.166 0.1936 0.0001 0.4709 59.7302
10.000 0.011 0.0673 0.0002 0.4770 59.9455
31.623 0.001 0.2149 0.0003 1.3762 59.8078
0.010 1439.601 0.0644 0.0002 0.3556 60.0050
0.032 346.241 0.0429 0.0011 0.3083 60.0067
0.100 75.419 0.7236 0.3554 0.9206 60.1105
0.316 13.731 0.1453 0.0002 0.4124 60.0330
1.000 1.841 0.8297 0.5547 1.0287 59.8724
3.162 0.166 0.0896 0.0004 0.4809 60.0548
10.000 0.011 0.0787 0.0000 0.5906 59.9245
31.623 0.001 1.1372 0.1193 1.7220 59.5089
0.010 1439.601 0.0458 0.0000 0.2861 60.1028
0.032 346.241 0.0471 0.0003 0.3273 59.9688
0.100 75.419 0.7668 0.4734 0.9632 60.1164
0.316 13.731 0.5288 0.1599 0.7131 60.0071
1.000 1.841 0.0496 0.0000 0.3733 59.9972
3.162 0.166 0.2232 0.0092 0.5142 59.8553
10.000 0.011 0.0539 0.0000 0.3899 60.0251
31.623 0.001 0.4191 0.0011 1.2974 60.2460
0.010 1439.601 0.0766 0.0000 0.4044 60.0888
0.032 346.241 0.4824 0.1315 0.6820 60.0457
0.100 75.419 0.0563 0.0001 0.3224 60.0379
0.316 13.731 0.0732 0.0001 0.3569 60.0885
1.000 1.841 0.0378 0.0000 0.2320 59.9637
3.162 0.166 0.5430 0.1739 0.7857 60.0475
10.000 0.011 0.1767 0.0004 0.5640 60.1135
31.623 0.001 0.1748 0.0001 1.2172 59.5973
0.010 1439.601 0.3805 0.0490 0.5427 59.9934
0.032 346.241 0.6609 0.2982 0.8731 59.8344
0.100 75.419 0.7025 0.3853 0.9210 59.9277
0.316 13.731 0.1244 0.0004 0.3987 59.8790
1.000 1.841 0.0666 0.0001 0.3246 60.0696
3.162 0.166 0.0766 0.0001 0.4713 59.8300
10.000 0.011 0.0804 0.0000 0.5018 60.3879
31.623 0.001 0.1886 0.0000 1.0962 60.4626
0.010 1439.601 0.3112 0.0303 0.5275 59.9778
0.032 346.241 0.0510 0.0001 0.3841 60.0699
0.100 75.419 0.0454 0.0001 0.3048 60.0611
0.316 13.731 0.2197 0.0153 0.4799 59.9261
1.000 1.841 0.5357 0.1754 0.7384 59.9804
3.162 0.166 0.6861 0.3312 0.9542 59.9045
10.000 0.011 0.5094 0.0919 0.9053 59.9722
31.623 0.001 0.1530 0.0001 1.0480 60.7242
0.010 1439.601 0.4113 0.1048 0.6184 60.0409
0.032 346.241 0.0766 0.0003 0.4259 60.0322
0.100 75.419 0.2369 0.0014 0.4109 59.9665
0.316 13.731 0.4292 0.1043 0.6415 60.1314
1.000 1.841 0.0860 0.0003 0.3661 60.0493
3.162 0.166 0.3766 0.1234 0.6843 59.9622
10.000 0.011 0.6263 0.1378 0.9863 60.1871
31.623 0.001 2.8164 1.6842 3.7152 58.9725
0.010 1439.601 0.0573 0.0001 0.3188 60.0540
0.032 346.241 0.5463 0.2224 0.7794 59.9349
0.100 75.419 0.4286 0.0576 0.5785 59.9531
0.316 13.731 0.0355 0.0001 0.2529 59.7828
1.000 1.841 0.0807 0.0003 0.4064 59.9642
3.162 0.166 0.2011 0.0000 0.4694 60.2416
10.000 0.011 0.1186 0.0000 0.4841 60.0024
31.623 0.001 0.2597 0.0012 1.3533 59.4898
0.010 1439.601 0.7175 0.4172 0.9383 60.0085
0.032 346.241 0.6685 0.3538 0.9102 59.9770
0.100 75.419 0.4003 0.0580 0.5661 60.0318
0.316 13.731 0.0427 0.0000 0.3205 59.9255
1.000 1.841 0.1021 0.0005 0.3770 60.0250
3.162 0.166 0.0840 0.0003 0.5196 60.0184
10.000 0.011 0.2360 0.0081 0.7215 59.9653
31.623 0.001 0.4061 0.0020 1.4319 59.4331
0.010 1439.601 0.0455 0.0002 0.2737 59.9029
0.032 346.241 0.4698 0.1037 0.6453 59.9575
0.100 75.419 0.0327 0.0001 0.2428 59.8742
0.316 13.731 0.0846 0.0001 0.3107 59.8225
1.000 1.841 0.3738 0.0215 0.5231 60.0597
3.162 0.166 0.5983 0.2122 0.8207 59.9235
10.000 0.011 0.0677 0.0006 0.5263 60.0309
31.623 0.001 1.1947 0.2448 1.9039 60.6544
0.010 1439.601 0.0724 0.0000 0.3531 59.9546
0.032 346.241 0.0985 0.0012 0.4249 59.9151
0.100 75.419 0.1111 0.0000 0.3715 60.1213
0.316 13.731 0.4179 0.0430 0.5487 59.8974
1.000 1.841 0.1098 0.0002 0.4170 59.9431
3.162 0.166 0.0837 0.0001 0.3354 59.9014
10.000 0.011 0.0894 0.0000 0.7089 60.2188
31.623 0.001 0.2381 0.0006 1.5004 59.3762
0.010 1439.601 0.7204 0.3762 0.9144 60.1790
0.032 346.241 0.0365 0.0001 0.2397 60.1577
0.100 75.419 0.0606 0.0002 0.4172 59.9561
0.316 13.731 0.5206 0.1833 0.7308 59.8680
1.000 1.841 0.3529 0.0272 0.5241 60.0560
3.162 0.166 0.0508 0.0005 0.3237 59.8472
10.000 0.011 1.5745 1.2288 1.9131 60.2015
31.623 0.001 0.2843 0.0001 1.1729 59.8342
0.010 1439.601 0.0601 0.0002 0.2955 60.0370
0.032 346.241 0.0482 0.0001 0.3523 60.1339
0.100 75.419 0.0864 0.0000 0.3611 60.1200
0.316 13.731 0.5409 0.1888 0.7515 59.9477
1.000 1.841 0.4577 0.1301 0.6818 59.7863
3.162 0.166 0.0902 0.0001 0.3942 60.0545
10.000 0.011 0.0846 0.0003 0.5096 59.9383
31.623 0.001 0.1266 0.0000 0.7957 60.2356
0.010 1439.601 0.6947 0.3790 0.9025 59.9490
0.032 346.241 0.0633 0.0001 0.4004 60.0670
0.100 75.419 0.0596 0.0000 0.3282 60.0665
0.316 13.731 0.0467 0.0001 0.3239 59.8781
1.000 1.841 0.0973 0.0042 0.4249 59.9496
3.162 0.166 0.0538 0.0000 0.3712 60.1974
10.000 0.011 0.9456 0.4094 1.3041 60.2018
31.623 0.001 0.1923 0.0003 1.2246 59.0719
0.010 1439.601 0.1197 0.0008 0.4052 60.0761
0.032 346.241 0.0507 0.0000 0.2798 60.0613
0.100 75.419 0.1170 0.0003 0.4554 60.0337
0.316 13.731 0.4807 0.1179 0.6533 60.0355
1.000 1.841 0.0676 0.0004 0.2938 60.0064
3.162 0.166 0.0630 0.0000 0.3872 60.1489
10.000 0.011 0.1477 0.0008 0.6127 59.9332
31.623 0.001 0.2467 0.0006 0.8988 60.3771
0.010 1439.601 0.4608 0.0994 0.6373 60.0623
0.032 346.241 0.0603 0.0006 0.3867 60.0537
0.100 75.419 0.0757 0.0006 0.3486 59.9721
0.316 13.731 0.1412 0.0000 0.4360 60.0997
1.000 1.841 0.3380 0.0100 0.5023 59.9987
3.162 0.166 0.0775 0.0000 0.2666 60.1905
10.000 0.011 0.0708 0.0002 0.4216 60.4451
31.623 0.001 0.1218 0.0000 0.9621 59.7871
0.010 1439.601 0.3247 0.0147 0.4938 59.9411
0.032 346.241 0.0659 0.0001 0.4123 60.1298
0.100 75.419 0.1255 0.0001 0.3379 60.0537
0.316 13.731 0.0638 0.0000 0.3290 59.9663
1.000 1.841 0.5750 0.2128 0.7925 59.8953
3.162 0.166 0.2602 0.0001 0.5047 59.9078
10.000 0.011 0.9617 0.4924 1.4087 60.1247
31.623 0.001 1.0238 0.0056 1.9705 60.2072
0.010 1439.601 0.0684 0.0000 0.4295 59.9418
0.032 346.241 0.6524 0.3568 0.8963 60.1221
0.100 75.419 0.3527 0.0664 0.5935 60.0696
0.316 13.731 0.7104 0.4556 0.9330 60.0378
1.000 1.841 0.2762 0.0105 0.4666 59.9613
3.162 0.166 0.0415 0.0001 0.3001 60.2128
10.000 0.011 0.0949 0.0000 0.6472 60.1460
31.623 0.001 0.2020 0.0020 1.3236 59.5176
0.010 1439.601 0.0587 0.0011 0.3279 59.9220
0.032 346.241 0.6672 0.3650 0.9187 60.0822
0.100 75.419 0.0588 0.0007 0.3910 59.9304
0.316 13.731 0.3276 0.0089 0.5002 59.8995
1.000 1.841 0.1675 0.0004 0.3984 59.9046
3.162 0.166 0.6724 0.2793 0.9195 60.1034
10.000 0.011 0.6083 0.1331 0.9566 59.9157
31.623 0.001 0.1359 0.0001 0.8525 59.3689
0.010 1439.601 0.1109 0.0000 0.4506 60.0964
0.032 346.241 0.1346 0.0001 0.4288 60.0087
0.100 75.419 0.0574 0.0001 0.3524 59.9064
0.316 13.731 0.5956 0.2375 0.8001 60.1459
1.000 1.841 0.6471 0.3193 0.8919 60.0390
3.162 0.166 0.6061 0.2478 0.8708 60.0759
10.000 0.011 0.5858 0.0004 0.7695 60.0150
31.623 0.001 0.8175 0.0001 1.6259 59.2016
0.010 1439.601 0.0541 0.0000 0.4040 60.0454
0.032 346.241 0.6629 0.3331 0.8847 60.0472
0.100 75.419 0.0917 0.0000 0.3079 59.9115
0.316 13.731 0.5278 0.1649 0.7183 59.9860
1.000 1.841 0.0676 0.0002 0.3790 59.8730
3.162 0.166 0.1875 0.0000 0.3978 59.8810
10.000 0.011 0.1411 0.0005 0.5489 60.0838
31.623 0.001 0.8798 0.1068 1.5944 59.7185
0.010 1439.601 0.1910 0.0244 0.5606 59.8852
0.032 346.241 0.7104 0.4086 0.9545 59.9884
0.100 75.419 0.0954 0.0003 0.4276 60.1577
0.316 13.731 0.0830 0.0000 0.3774 60.0107
1.000 1.841 0.4376 0.0494 0.5454 60.0384
3.162 0.166 0.7724 0.4603 1.0406 59.9749
10.000 0.011 1.2597 0.8200 1.6546 60.0528
31.623 0.001 0.2218 0.0000 0.9724 60.5412
0.010 1439.601 0.0446 0.0001 0.3079 60.0199
0.032 346.241 0.0394 0.0007 0.3209 59.9685
0.100 75.419 0.0584 0.0000 0.3628 59.9693
0.316 13.731 0.0483 0.0002 0.2903 59.8656
1.000 1.841 0.2259 0.0000 0.4439 59.9103
3.162 0.166 0.2343 0.0026 0.4536 60.0702
10.000 0.011 0.4186 0.0000 0.7135 59.7498
31.623 0.001 0.1707 0.0000 1.3332 60.7186
0.010 1439.601 0.0621 0.0000 0.3450 60.1686
0.032 346.241 0.7000 0.3342 0.8962 59.8932
0.100 75.419 0.2729 0.0004 0.4582 59.9926
0.316 13.731 0.2369 0.0077 0.4697 60.0398
1.000 1.841 0.0793 0.0000 0.3405 59.8873
3.162 0.166 0.5678 0.1567 0.7570 60.1921
10.000 0.011 0.6689 0.0708 0.9346 60.0354
31.623 0.001 0.1499 0.0001 0.9091 60.0932
0.010 1439.601 0.0516 0.0000 0.3063 59.8887
0.032 346.241 0.5505 0.2247 0.7803 60.0813
0.100 75.419 0.0670 0.0000 0.2804 59.9575
0.316 13.731 0.4439 0.1366 0.6821 60.0009
1.000 1.841 0.1337 0.0002 0.4116 60.0685
3.162 0.166 0.0868 0.0000 0.4318 60.0486
10.000 0.011 0.0822 0.0000 0.5567 60.0604
31.623 0.001 0.4292 0.0001 1.2493 59.6013
0.010 1439.601 0.5481 0.2603 0.8071 59.9234
0.032 346.241 0.4432 0.1486 0.6989 59.9366
0.100 75.419 0.7819 0.4967 1.0088 59.8678
0.316 13.731 0.3443 0.0003 0.4763 59.9711
1.000 1.841 0.5315 0.1762 0.7294 59.9697
3.162 0.166 0.5353 0.1038 0.6935 59.9243
10.000 0.011 0.0986 0.0000 0.4600 60.1586
31.623 0.001 1.5560 0.6409 2.2564 59.4525
0.010 1439.601 0.7114 0.4168 0.9401 59.9604
0.032 346.241 0.5827 0.2653 0.8290 60.0413
0.100 75.419 0.0507 0.0001 0.2904 60.1349
0.316 13.731 0.6993 0.4147 0.9294 60.0346
1.000 1.841 0.0544 0.0000 0.2546 59.9862
3.162 0.166 0.0521 0.0042 0.4494 59.8923
10.000 0.011 0.2054 0.0000 0.5093 59.9481
31.623 0.001 1.6729 0.4515 2.4607 60.8382
0.010 1439.601 0.0526 0.0001 0.2777 59.7928
0.032 346.241 0.2696 0.0002 0.4894 59.9707
0.100 75.419 0.7699 0.4964 1.0028 59.9491
0.316 13.731 0.0601 0.0001 0.3589 60.1268
1.000 1.841 0.0647 0.0006 0.4106 60.0092
3.162 0.166 0.0744 0.0004 0.3325 60.1202
10.000 0.011 0.0486 0.0001 0.3678 60.0308
31.623 0.001 0.1931 0.0000 1.2757 60.0399
0.010 1439.601 0.0546 0.0014 0.3461 59.9851
0.032 346.241 0.6354 0.2845 0.8362 59.9525
0.100 75.419 0.5747 0.2018 0.7780 59.9742
0.316 13.731 0.5744 0.2349 0.8014 59.9664
1.000 1.841 0.3506 0.0037 0.4896 59.9950
3.162 0.166 0.6272 0.2109 0.8245 60.1132
10.000 0.011 0.0797 0.0001 0.5839 59.8249
31.623 0.001 0.3170 0.0018 1.5421 60.1169
0.010 1439.601 0.5197 0.0971 0.6457 60.1537
0.032 346.241 0.3466 0.1271 0.6465 59.9779
0.100 75.419 0.1040 0.0002 0.4008 59.9725
0.316 13.731 0.0503 0.0001 0.3566 59.9244
1.000 1.841 0.0798 0.0001 0.3927 59.9321
3.162 0.166 0.6166 0.2606 0.8994 59.8506
10.000 0.011 0.0714 0.0003 0.5453 60.2382
31.623 0.001 0.1831 0.0000 1.1051 60.4510
0.010 1439.601 0.0551 0.0001 0.3095 60.0143
0.032 346.241 0.0590 0.0000 0.3697 59.8525
0.100 75.419 0.0526 0.0000 0.4280 59.8616
0.316 13.731 0.1018 0.0003 0.4105 59.9608
1.000 1.841 0.3673 0.0575 0.5872 60.1258
3.162 0.166 0.0972 0.0002 0.4054 60.0745
10.000 0.011 0.0680 0.0000 0.4812 60.3628
31.623 0.001 1.2093 0.1750 1.6835 59.7413
0.010 1439.601 0.5713 0.2144 0.7790 60.1426
0.032 346.241 0.0517 0.0001 0.2531 59.9881
0.100 75.419 0.6872 0.3850 0.9250 59.8940
0.316 13.731 0.1207 0.0001 0.4090 59.9990
1.000 1.841 0.5521 0.2004 0.7791 60.0624
3.162 0.166 0.2793 0.0096 0.5449 60.0200
10.000 0.011 0.3038 0.0037 0.7074 59.8601
31.623 0.001 0.1446 0.0000 0.8774 59.7344
0.010 1439.601 0.0357 0.0000 0.2875 59.9993
0.032 346.241 0.4761 0.1196 0.6599 60.0079
0.100 75.419 0.2452 0.0009 0.4776 59.9867
0.316 13.731 0.1023 0.0002 0.3940 60.1134
1.000 1.841 0.6062 0.2758 0.8475 59.9737
3.162 0.166 0.0662 0.0010 0.4770 60.0377
10.000 0.011 0.1844 0.0001 0.4894 60.1319
31.623 0.001 0.1611 0.0000 1.0326 60.3716
0.010 1439.601 0.0582 0.0001 0.3702 59.8015
0.032 346.241 0.0536 0.0000 0.2853 60.0683
0.100 75.419 0.4530 0.0922 0.6223 60.1227
0.316 13.731 0.2417 0.0073 0.4881 59.8252
1.000 1.841 0.1208 0.0002 0.3856 59.9304
3.162 0.166 0.1174 0.0006 0.4299 59.8739
10.000 0.011 0.0988 0.0001 0.7247 60.4595
31.623 0.001 0.1777 0.0020 1.1316 59.5028
0.010 1439.601 0.4151 0.0155 0.5302 59.9597
0.032 346.241 0.0705 0.0005 0.4013 59.9425
0.100 75.419 0.0883 0.0003 0.3196 60.1234
0.316 13.731 0.0518 0.0000 0.3065 60.0665
1.000 1.841 0.0501 0.0000 0.3510 59.9693
3.162 0.166 0.8208 0.5030 1.0670 60.1226
10.000 0.011 0.0566 0.0001 0.3695 60.0020
31.623 0.001 1.5807 0.5361 2.4674 59.8709
0.010 1439.601 0.1388 0.0009 0.3562 59.8403
0.032 346.241 0.0587 0.0010 0.3832 60.0265
0.100 75.419 0.0579 0.0000 0.3417 60.1578
0.316 13.731 0.4693 0.1075 0.6366 59.9966
1.000 1.841 0.2263 0.0024 0.4346 60.0807
3.162 0.166 0.0728 0.0000 0.3620 60.1186
10.000 0.011 0.9263 0.3134 1.2412 59.8836
31.623 0.001 0.7502 0.0029 1.3572 59.7315
0.010 1439.601 0.4466 0.1218 0.6620 60.0314
0.032 346.241 0.3763 0.0321 0.5243 59.8889
0.100 75.419 0.1342 0.0001 0.3791 59.9043
0.316 13.731 0.0618 0.0005 0.4399 59.9782
1.000 1.841 0.7303 0.4370 0.9621 59.9343
3.162 0.166 0.3681 0.0094 0.5707 59.9636
10.000 0.011 1.1279 0.7452 1.5278 59.9996
31.623 0.001 1.3840 0.1595 1.9819 60.2784
0.010 1439.601 0.0404 0.0001 0.2399 59.8426
0.032 346.241 0.1248 0.0001 0.3671 59.9905
0.100 75.419 0.6065 0.2562 0.8090 59.9495
0.316 13.731 0.1103 0.0025 0.3822 59.8615
1.000 1.841 0.0880 0.0002 0.3609 60.1522
3.162 0.166 0.0503 0.0009 0.3757 59.9427
10.000 0.011 0.0674 0.0001 0.4603 60.6822
31.623 0.001 0.1612 0.0003 1.3224 59.8244
0.010 1439.601 0.7928 0.4921 0.9849 60.1569
0.032 346.241 0.0398 0.0003 0.3154 60.0783
0.100 75.419 0.2538 0.0025 0.4414 59.9691
0.316 13.731 0.0590 0.0009 0.2948 60.0516
1.000 1.841 0.1073 0.0001 0.3775 59.9640
3.162 0.166 0.0539 0.0000 0.2894 59.8293
10.000 0.011 1.1110 0.6222 1.5273 59.8604
31.623 0.001 0.1196 0.0005 0.8452 60.4639
0.010 1439.601 0.1961 0.0001 0.4317 60.0623
0.032 346.241 0.5288 0.1728 0.7232 59.9402
0.100 75.419 0.0437 0.0000 0.2850 60.1651
0.316 13.731 0.0475 0.0003 0.3279 59.9519
1.000 1.841 0.0402 0.0000 0.2845 59.9164
3.162 0.166 0.0818 0.0000 0.3735 59.9619
10.000 0.011 0.2356 0.0020 0.7100 59.9261
31.623 0.001 0.7611 0.0022 1.4662 61.2120
0.010 1439.601 0.7853 0.4760 0.9879 59.9343
0.032 346.241 0.4914 0.1733 0.7230 60.0765
0.100 75.419 0.5132 0.1421 0.6930 59.9836
0.316 13.731 0.0725 0.0001 0.3439 59.9022
1.000 1.841 0.0761 0.0002 0.3339 60.0205
3.162 0.166 0.0527 0.0001 0.4355 60.1162
10.000 0.011 0.9402 0.4242 1.3809 60.2600
31.623 0.001 0.1351 0.0000 0.9304 58.8922
0.010 1439.601 0.7436 0.4665 0.9835 59.9598
0.032 346.241 0.0624 0.0000 0.3649 59.9923
0.100 75.419 0.1378 0.0054 0.4277 59.8324
0.316 13.731 0.5692 0.1920 0.7428 59.8733
1.000 1.841 0.0466 0.0000 0.3221 60.0319
3.162 0.166 0.0933 0.0001 0.4746 59.8824
10.000 0.011 0.7793 0.2384 1.1041 60.1939
31.623 0.001 0.2878 0.0002 1.4054 60.1573
0.010 1439.601 0.1374 0.0000 0.3535 60.0973
0.032 346.241 0.4234 0.0804 0.5938 59.8300
0.100 75.419 0.0966 0.0004 0.3985 59.9014
0.316 13.731 0.7059 0.3746 0.9201 59.9735
1.000 1.841 0.6505 0.2663 0.8558 60.0702
3.162 0.166 0.0716 0.0009 0.4508 60.0889
10.000 0.011 0.6934 0.2223 1.0853 60.2216
31.623 0.001 1.4174 0.2980 1.9643 59.7371
0.010 1439.601 0.6784 0.3806 0.9165 59.8876
0.032 346.241 0.3584 0.0081 0.4893 60.0526
0.100 75.419 0.0463 0.0002 0.3194 60.0696
0.316 13.731 0.0542 0.0000 0.2700 60.0139
1.000 1.841 0.0558 0.0001 0.3006 59.9282
3.162 0.166 0.1030 0.0000 0.3381 60.0054
10.000 0.011 0.0534 0.0002 0.3819 59.8711
31.623 0.001 0.1562 0.0003 1.0172 59.7948
0.010 1439.601 0.3758 0.0391 0.5572 60.0770
0.032 346.241 0.6311 0.3310 0.8928 60.0405
0.100 75.419 0.0519 0.0002 0.3622 60.0828
0.316 13.731 0.1497 0.0000 0.4400 59.7972
1.000 1.841 0.2740 0.0001 0.4608 60.0123
3.162 0.166 0.0532 0.0001 0.3265 59.9788
10.000 0.011 0.0833 0.0000 0.6565 60.3457
31.623 0.001 0.9921 0.0050 1.6809 60.0898
0.010 1439.601 0.3378 0.0051 0.4759 60.0479
0.032 346.241 0.0611 0.0000 0.4024 60.1477
0.100 75.419 0.5017 0.1291 0.6650 60.0148
0.316 13.731 0.0581 0.0003 0.3060 59.9425
1.000 1.841 0.5942 0.3057 0.8804 60.0733
3.162 0.166 0.0644 0.0004 0.4334 59.9693
10.000 0.011 0.0770 0.0000 0.3912 59.9470
31.623 0.001 0.2428 0.0001 1.0501 60.0677
0.010 1439.601 0.5870 0.2578 0.8198 59.9343
0.032 346.241 0.0593 0.0000 0.3185 60.0907
0.100 75.419 0.0538 0.0002 0.4200 59.9415
0.316 13.731 0.2745 0.0014 0.4630 60.0485
1.000 1.841 0.7337 0.3982 0.9583 60.0715
3.162 0.166 0.8638 0.5120 1.0853 59.9990
10.000 0.011 0.9885 0.4306 1.3513 60.0511
31.623 0.001 1.0079 0.0005 1.7307 60.1500
0.010 1439.601 0.1383 0.0003 0.4528 60.0735
0.032 346.241 0.0423 0.0001 0.3097 59.9871
0.100 75.419 0.0709 0.0002 0.2668 59.8906
0.316 13.731 0.2184 0.0003 0.4657 59.8950
1.000 1.841 0.4014 0.0829 0.5949 60.0105
3.162 0.166 0.0491 0.0000 0.3111 60.0440
10.000 0.011 0.1070 0.0004 0.6619 59.8243
31.623 0.001 0.1861 0.0001 1.1565 59.2686
0.010 1439.601 0.1765 0.0002 0.4237 60.0218
0.032 346.241 0.4410 0.1256 0.6480 59.9392
0.100 75.419 0.0479 0.0001 0.3001 60.0619
0.316 13.731 0.0822 0.0001 0.3296 60.1101
1.000 1.841 0.4121 0.0843 0.6055 60.1606
3.162 0.166 0.4518 0.1510 0.7436 59.8804
10.000 0.011 0.6214 0.0829 0.8753 60.2266
31.623 0.001 0.2294 0.0004 1.1541 59.9023
0.010 1439.601 0.0523 0.0005 0.3160 60.1710
0.032 346.241 0.0372 0.0000 0.2661 60.0845
0.100 75.419 0.5198 0.1761 0.7378 60.0246
0.316 13.731 0.6174 0.2685 0.8344 59.9345
1.000 1.841 0.0660 0.0002 0.4529 59.7883
3.162 0.166 0.4440 0.1146 0.7005 59.9908
10.000 0.011 0.1018 0.0001 0.5026 59.9820
31.623 0.001 0.1084 0.0000 0.7932 60.3275
0.010 1439.601 0.3306 0.0192 0.5112 60.1864
0.032 346.241 0.5719 0.2217 0.7847 60.0519
0.100 75.419 0.0741 0.0001 0.3400 60.1884
0.316 13.731 0.1396 0.0045 0.4704 60.0708
1.000 1.841 0.6367 0.2782 0.8469 59.8406
3.162 0.166 0.0493 0.0000 0.3873 59.9598
10.000 0.011 0.5435 0.0857 0.8665 59.6022
31.623 0.001 0.1721 0.0001 1.1065 60.0964
0.010 1439.601 0.5451 0.2240 0.7971 60.0971
0.032 346.241 0.2848 0.0473 0.5417 59.9860
0.100 75.419 0.0709 0.0008 0.3399 60.0110
0.316 13.731 0.0543 0.0000 0.3570 60.0781
1.000 1.841 0.0521 0.0003 0.3753 60.1140
3.162 0.166 0.4381 0.1116 0.6754 59.9469
10.000 0.011 0.0860 0.0007 0.6236 60.1174
31.623 0.001 0.1984 0.0004 1.1587 60.4279
0.010 1439.601 0.0576 0.0000 0.3256 60.0253
0.032 346.241 0.6750 0.3749 0.9259 59.9638
0.100 75.419 0.0716 0.0000 0.2957 59.9830
0.316 13.731 0.0538 0.0001 0.3191 60.0435
1.000 1.841 0.0694 0.0002 0.2552 59.8822
3.162 0.166 0.1246 0.0049 0.5392 59.9355
10.000 0.011 0.7112 0.1457 0.9360 59.8328
31.623 0.001 0.8074 0.0017 1.4834 60.6605
0.010 1439.601 0.6845 0.4163 0.9388 60.1162
0.032 346.241 0.3590 0.0394 0.5330 59.8450
0.100 75.419 0.5799 0.3345 0.8739 60.0599
0.316 13.731 0.0506 0.0000 0.3772 60.0342
1.000 1.841 0.4118 0.0072 0.5133 60.0075
3.162 0.166 0.0498 0.0001 0.4146 60.0373
10.000 0.011 0.4200 0.0011 0.7651 60.2734
31.623 0.001 0.1545 0.0002 0.9796 61.1815
0.010 1439.601 0.4197 0.0422 0.5443 59.8522
0.032 346.241 0.0739 0.0002 0.3606 59.9941
0.100 75.419 0.1123 0.0015 0.4165 59.7995
0.316 13.731 0.0580 0.0000 0.3104 60.0822
1.000 1.841 0.3037 0.0278 0.5292 60.0068
3.162 0.166 0.1370 0.0000 0.4581 59.8257
10.000 0.011 0.0689 0.0000 0.4692 60.0977
31.623 0.001 2.4963 1.7055 3.5096 60.1859
0.010 1439.601 0.1441 0.0005 0.4194 59.9808
0.032 346.241 0.0481 0.0000 0.2938 59.9426
0.100 75.419 0.2169 0.0003 0.4141 59.8087
0.316 13.731 0.6123 0.2453 0.8009 60.0843
1.000 1.841 0.2908 0.0023 0.4750 60.0867
3.162 0.166 0.0662 0.0001 0.3828 59.8937
10.000 0.011 1.0814 0.5573 1.4957 59.8584
31.623 0.001 0.4937 0.0001 1.3031 59.8116
0.010 1439.601 0.0753 0.0000 0.3433 59.9458
0.032 346.241 0.0940 0.0007 0.4263 59.8991
0.100 75.419 0.3015 0.0564 0.5494 59.9281
0.316 13.731 0.2089 0.0035 0.4996 60.1507
1.000 1.841 0.0336 0.0000 0.2786 59.8557
3.162 0.166 0.0590 0.0000 0.3866 59.9980
10.000 0.011 0.6239 0.0497 0.8479 60.0439
31.623 0.001 0.2354 0.0000 0.9969 60.2922
0.010 1439.601 0.1140 0.0016 0.4463 60.1318
0.032 346.241 0.1549 0.0057 0.4534 60.1213
0.100 75.419 0.4379 0.0889 0.6149 60.0047
0.316 13.731 0.0541 0.0000 0.3822 60.0555
1.000 1.841 0.0805 0.0003 0.4417 59.8486
3.162 0.166 0.5299 0.0914 0.6610 60.1162
10.000 0.011 0.0647 0.0001 0.5361 59.6928
31.623 0.001 0.3365 0.0006 1.1855 59.7774
0.010 1439.601 0.0557 0.0003 0.3410 60.0202
0.032 346.241 0.4626 0.1539 0.6851 59.7838
0.100 75.419 0.4872 0.1217 0.6620 59.9617
0.316 13.731 0.4561 0.0936 0.6151 60.0314
1.000 1.841 0.1580 0.0003 0.4409 59.9349
3.162 0.166 0.0649 0.0000 0.4410 60.0148
10.000 0.011 0.0969 0.0000 0.5989 59.9755
31.623 0.001 0.1238 0.0010 0.7937 59.9338
0.010 1439.601 0.4419 0.0672 0.6126 60.0302
0.032 346.241 0.8957 0.6808 1.1028 60.0305
0.100 75.419 0.1293 0.0007 0.4264 59.9653
0.316 13.731 0.5526 0.2329 0.7873 59.9942
1.000 1.841 0.1228 0.0000 0.3293 59.9611
3.162 0.166 0.2334 0.0002 0.4853 59.9743
10.000 0.011 0.2192 0.0004 0.6435 60.1809
31.623 0.001 0.1530 0.0001 1.0730 60.5134
0.010 1439.601 0.0573 0.0002 0.2985 59.9635
0.032 346.241 0.7699 0.4408 0.9894 60.1353
0.100 75.419 0.0658 0.0002 0.4256 59.9825
0.316 13.731 0.0504 0.0000 0.3514 60.0822
1.000 1.841 0.5305 0.1768 0.7255 60.0968
3.162 0.166 0.3311 0.0000 0.5334 59.9847
10.000 0.011 0.1048 0.0001 0.4879 59.9843
31.623 0.001 0.3356 0.0001 1.6210 60.0919
0.010 1439.601 0.4324 0.0581 0.5790 59.9530
0.032 346.241 0.0466 0.0001 0.3135 60.0633
0.100 75.419 0.5427 0.2002 0.7690 60.0037
0.316 13.731 0.0352 0.0000 0.2792 60.1047
1.000 1.841 0.0518 0.0000 0.3143 60.0121
3.162 0.166 0.0585 0.0000 0.3869 59.8806
10.000 0.011 0.7165 0.2207 1.1089 59.9862
31.623 0.001 1.1151 0.0000 1.6700 59.9842
0.010 1439.601 0.0517 0.0002 0.3900 59.9889
0.032 346.241 0.0487 0.0001 0.2718 60.0681
0.100 75.419 0.4308 0.1828 0.7266 60.0609
0.316 13.731 0.1805 0.0018 0.4422 60.0005
1.000 1.841 0.0400 0.0000 0.3191 59.9932
3.162 0.166 0.6372 0.3095 0.9282 59.7293
10.000 0.011 0.5002 0.0438 0.8036 60.1015
31.623 0.001 0.1206 0.0005 0.7862 60.2359
0.010 1439.601 0.5360 0.1650 0.7179 60.0976
0.032 346.241 0.2343 0.0028 0.4628 60.0326
0.100 75.419 0.4267 0.0534 0.5865 59.8639
0.316 13.731 0.4417 0.1321 0.6619 60.0633
1.000 1.841 0.2215 0.0025 0.5012 60.1505
3.162 0.166 0.2211 0.0140 0.5088 59.8853
10.000 0.011 0.4479 0.0001 0.7497 60.2264
31.623 0.001 0.1332 0.0012 1.0402 59.8031
0.010 1439.601 0.3041 0.0155 0.5058 59.9317
0.032 346.241 0.0913 0.0000 0.3721 60.0350
0.100 75.419 0.0812 0.0001 0.4059 59.8989
0.316 13.731 0.1214 0.0007 0.3879 60.0344
1.000 1.841 0.5777 0.2895 0.8540 60.2226
3.162 0.166 0.0599 0.0000 0.3293 59.9178
10.000 0.011 0.1589 0.0001 0.5382 60.0322
31.623 0.001 0.2100 0.0003 1.0516 60.4098
0.010 1439.601 0.4355 0.1303 0.6746 59.9197
0.032 346.241 0.6910 0.3284 0.8820 60.0425
0.100 75.419 0.0860 0.0001 0.3097 59.9789
0.316 13.731 0.1588 0.0001 0.4166 59.8748
1.000 1.841 0.0477 0.0001 0.3210 59.8961
3.162 0.166 0.5001 0.1397 0.7294 60.0148
10.000 0.011 0.2248 0.0003 0.6627 60.6412
31.623 0.001 0.2550 0.0004 1.0108 59.9834
0.010 1439.601 0.5359 0.2302 0.7954 59.8870
0.032 346.241 0.0474 0.0003 0.3765 60.0252
0.100 75.419 0.0574 0.0000 0.3848 60.0156
0.316 13.731 0.1050 0.0037 0.4718 60.0791
1.000 1.841 0.0426 0.0000 0.3401 59.9597
3.162 0.166 0.0873 0.0009 0.4297 59.8525
10.000 0.011 0.0731 0.0002 0.5858 60.1004
31.623 0.001 1.3316 0.3792 2.1006 60.3376
0.010 1439.601 0.1155 0.0000 0.3895 59.8902
0.032 346.241 0.6184 0.2649 0.8183 60.1719
0.100 75.419 0.8577 0.6155 1.0618 60.2060
0.316 13.731 0.1764 0.0006 0.4579 60.0956
1.000 1.841 0.4760 0.1356 0.6705 60.0819
3.162 0.166 0.7788 0.4333 1.0067 59.9616
10.000 0.011 0.0968 0.0003 0.6212 60.0947
31.623 0.001 1.9108 0.7005 2.7822 60.9181
0.010 1439.601 0.0985 0.0001 0.3516 59.8343
0.032 346.241 0.3480 0.0065 0.5077 59.8607
0.100 75.419 0.0499 0.0000 0.3671 59.9813
0.316 13.731 0.0859 0.0052 0.4647 59.8571
1.000 1.841 0.0478 0.0000 0.3267 60.0177
3.162 0.166 0.7349 0.3986 1.0005 59.9189
10.000 0.011 0.3533 0.0090 0.7859 59.9146
31.623 0.001 0.2711 0.0001 1.3550 59.8905
0.010 1439.601 0.1712 0.0006 0.4014 60.0365
0.032 346.241 0.4018 0.0489 0.5595 60.0823
0.100 75.419 0.1453 0.0000 0.4196 59.9891
0.316 13.731 0.4868 0.1578 0.7073 60.0359
1.000 1.841 0.0411 0.0001 0.3416 59.7606
3.162 0.166 0.0486 0.0001 0.3642 59.9070
10.000 0.011 0.1298 0.0028 0.6405 59.6492
31.623 0.001 1.0225 0.0007 1.4588 60.6509
0.010 1439.601 0.0515 0.0001 0.3372 60.0056
0.032 346.241 0.0659 0.0000 0.3436 60.1663
0.100 75.419 0.0640 0.0000 0.4396 59.9307
0.316 13.731 0.1261 0.0000 0.4129 59.9628
1.000 1.841 0.5406 0.1555 0.7074 59.9563
3.162 0.166 0.1542 0.0050 0.4999 59.9584
10.000 0.011 0.0799 0.0002 0.4537 60.1137
31.623 0.001 0.3039 0.0001 1.1542 60.3248
0.010 1439.601 0.0553 0.0000 0.2864 59.8334
0.032 346.241 0.0644 0.0001 0.2878 59.8266
0.100 75.419 0.0515 0.0000 0.2999 59.8202
0.316 13.731 0.9135 0.6559 1.1035 60.0201
1.000 1.841 0.4561 0.1258 0.6782 60.0016
3.162 0.166 0.0477 0.0001 0.3416 59.9325
10.000 0.011 0.0744 0.0025 0.5338 59.8442
31.623 0.001 0.1575 0.0000 0.9782 59.0893
0.010 1439.601 0.5752 0.1997 0.7392 60.0740
0.032 346.241 0.1558 0.0002 0.4315 60.0241
0.100 75.419 0.0522 0.0000 0.3714 59.9318
0.316 13.731 0.1660 0.0002 0.4358 59.8448
1.000 1.841 0.6490 0.3030 0.8810 60.0921
3.162 0.166 0.7685 0.4528 1.0370 60.0378
10.000 0.011 0.1049 0.0001 0.5982 59.7039
31.623 0.001 1.1398 0.0008 1.7152 60.3802
0.010 1439.601 0.0709 0.0001 0.3774 59.9034
0.032 346.241 0.0506 0.0000 0.3647 60.0752
0.100 75.419 0.1066 0.0000 0.3408 60.2069
0.316 13.731 0.0413 0.0000 0.3217 59.9212
1.000 1.841 0.8611 0.6519 1.0800 60.3278
3.162 0.166 0.0657 0.0009 0.4895 60.0710
10.000 0.011 0.0883 0.0009 0.6440 60.1234
31.623 0.001 1.9388 1.1815 2.7582 60.1830
0.010 1439.601 0.6476 0.2920 0.8580 59.9536
0.032 346.241 0.0562 0.0015 0.4420 60.2253
0.100 75.419 0.4028 0.1024 0.6282 60.0795
0.316 13.731 0.0504 0.0001 0.2394 60.1027
1.000 1.841 0.2764 0.0021 0.4307 60.0775
3.162 0.166 0.0584 0.0008 0.4260 60.0739
10.000 0.011 0.4965 0.0723 0.8576 60.0518
31.623 0.001 1.3090 0.2926 2.0367 59.8569
0.010 1439.601 0.6016 0.2322 0.8009 60.1048
0.032 346.241 0.0450 0.0000 0.2748 59.9189
0.100 75.419 0.0527 0.0000 0.3754 60.1156
0.316 13.731 0.0527 0.0000 0.3680 59.9813
1.000 1.841 0.1033 0.0005 0.4495 59.9954
3.162 0.166 0.5217 0.1279 0.7135 60.0046
10.000 0.011 0.0731 0.0005 0.6239 59.9384
31.623 0.001 1.6659 0.6410 2.4895 60.5402
0.010 1439.601 0.3982 0.0149 0.5245 60.1852
0.032 346.241 0.0826 0.0056 0.4743 60.0202
0.100 75.419 0.6893 0.4141 0.9511 59.8902
0.316 13.731 0.0700 0.0000 0.2859 59.7417
1.000 1.841 0.0503 0.0001 0.3616 59.9389
3.162 0.166 0.5765 0.1957 0.8044 59.9142
10.000 0.011 0.1327 0.0003 0.6223 59.7886
31.623 0.001 0.1886 0.0004 1.0191 59.5851
0.010 1439.601 0.6818 0.3748 0.9169 59.8166
0.032 346.241 0.6204 0.2951 0.8423 59.8669
0.100 75.419 0.0446 0.0004 0.2246 59.9987
0.316 13.731 0.8992 0.6627 1.0703 60.1180
1.000 1.841 0.7659 0.4733 0.9808 60.0780
3.162 0.166 0.0717 0.0000 0.4645 60.0495
10.000 0.011 0.1127 0.0000 0.4916 60.0081
31.623 0.001 0.2087 0.0000 1.1632 60.0785
0.010 1439.601 0.3609 0.0114 0.4956 59.9290
0.032 346.241 0.3648 0.0305 0.5188 60.0419
0.100 75.419 0.5214 0.1807 0.7300 59.9448
0.316 13.731 0.0506 0.0001 0.3144 60.1572
1.000 1.841 0.2901 0.0079 0.5018 60.0351
3.162 0.166 0.8645 0.5847 1.1155 60.1294
10.000 0.011 0.6548 0.1860 0.9977 60.2597
31.623 0.001 0.6392 0.0037 1.5088 60.1615
0.010 1439.601 0.1212 0.0013 0.4164 60.0442
0.032 346.241 0.0381 0.0000 0.3018 60.0556
0.100 75.419 0.5606 0.2134 0.7643 60.0197
0.316 13.731 0.0509 0.0006 0.3829 59.9687
1.000 1.841 0.0448 0.0001 0.3668 60.0089
3.162 0.166 0.0443 0.0000 0.3241 60.0396
10.000 0.011 0.0825 0.0007 0.4117 59.8437
31.623 0.001 0.5381 0.0002 1.8686 60.0614
0.010 1439.601 0.0635 0.0000 0.3811 59.9693
0.032 346.241 0.0495 0.0004 0.3089 60.0573
0.100 75.419 0.0928 0.0000 0.3649 59.9054
0.316 13.731 0.4286 0.0810 0.5984 60.0824
1.000 1.841 0.0602 0.0000 0.3219 60.0721
3.162 0.166 0.0589 0.0000 0.4579 59.9439
10.000 0.011 0.0707 0.0002 0.5076 59.8856
31.623 0.001 0.1782 0.0007 1.2586 60.7647
0.010 1439.601 0.2802 0.0006 0.4809 59.8112
0.032 346.241 0.0510 0.0007 0.4002 60.1167
0.100 75.419 0.0464 0.0000 0.3982 60.1054
0.316 13.731 0.0787 0.0001 0.3907 60.0659
1.000 1.841 0.6309 0.3228 0.8636 59.9219
3.162 0.166 0.2057 0.0000 0.4666 60.2032
10.000 0.011 0.0813 0.0001 0.4215 60.1797
31.623 0.001 0.1586 0.0000 0.8607 59.4664
0.010 1439.601 0.1727 0.0062 0.4631 59.9207
0.032 346.241 0.0471 0.0001 0.3425 60.0635
0.100 75.419 0.0800 0.0006 0.3297 59.9215
0.316 13.731 0.7279 0.3562 0.9163 60.1464
1.000 1.841 0.5325 0.2013 0.7664 60.0140
3.162 0.166 0.1426 0.0000 0.4455 59.7765
10.000 0.011 0.0669 0.0002 0.4903 59.9474
31.623 0.001 1.6278 0.8406 2.6909 59.2721
0.010 1439.601 0.1797 0.0001 0.3751 60.1542
0.032 346.241 0.0492 0.0000 0.3494 60.0526
0.100 75.419 0.0653 0.0001 0.2397 60.0300
0.316 13.731 0.0511 0.0001 0.2756 59.9791
1.000 1.841 0.0498 0.0001 0.3075 59.9063
3.162 0.166 0.0460 0.0001 0.2867 60.1396
10.000 0.011 0.9307 0.3620 1.2785 60.0808
31.623 0.001 2.2730 1.3101 3.1956 60.3876
0.010 1439.601 0.3099 0.3026 0.3186 60.0011
0.032 346.241 0.1820 0.1774 0.1865 59.9664
0.100 75.419 0.1637 0.1594 0.1680 59.9890
0.316 13.731 0.1698 0.1650 0.1738 59.9947
1.000 1.841 0.1713 0.1671 0.1758 59.9822
3.162 0.166 0.1640 0.1597 0.1687 59.9952
10.000 0.011 0.2320 0.2255 0.2421 59.9951
31.623 0.001 0.4739 0.4410 0.5167 60.0001
0.010 1439.601 0.2997 0.2927 0.3080 59.9951
0.032 346.241 0.1942 0.1895 0.1998 59.9954
0.100 75.419 0.1579 0.1530 0.1611 59.9966
0.316 13.731 0.1648 0.1604 0.1687 59.9864
1.000 1.841 0.1715 0.1666 0.1756 60.0012
3.162 0.166 0.1761 0.1713 0.1810 60.0016
10.000 0.011 0.2439 0.2352 0.2524 59.9770
31.623 0.001 0.4298 0.4032 0.4707 59.9110
0.010 1439.601 0.2960 0.2890 0.3041 60.0042
0.032 346.241 0.1881 0.1838 0.1932 59.9944
0.100 75.419 0.1592 0.1556 0.1640 59.9897
0.316 13.731 0.1648 0.1612 0.1694 59.9871
1.000 1.841 0.1736 0.1687 0.1775 59.9993
3.162 0.166 0.1719 0.1683 0.1774 59.9959
10.000 0.011 0.2399 0.2295 0.2474 60.0083
31.623 0.001 0.4276 0.3953 0.4631 60.0728
0.010 1439.601 0.2994 0.2902 0.3060 59.9981
0.032 346.241 0.1915 0.1870 0.1968 59.9985
0.100 75.419 0.1617 0.1579 0.1663 59.9968
0.316 13.731 0.1605 0.1563 0.1645 60.0023
1.000 1.841 0.1735 0.1691 0.1781 59.9873
3.162 0.166 0.1597 0.1559 0.1645 60.0030
10.000 0.011 0.2362 0.2274 0.2443 59.9967
31.623 0.001 0.4562 0.4209 0.5028 60.0061
0.010 1439.601 0.2999 0.2921 0.3068 59.9829
0.032 346.241 0.1871 0.1826 0.1921 59.9871
0.100 75.419 0.1704 0.1662 0.1747 59.9839
0.316 13.731 0.1628 0.1580 0.1663 59.9902
1.000 1.841 0.1668 0.1627 0.1712 60.0063
3.162 0.166 0.1683 0.1632 0.1722 59.9840
10.000 0.011 0.2287 0.2224 0.2395 59.9893
31.623 0.001 0.4298 0.3978 0.4698 60.0052
0.010 1439.601 0.3066 0.2987 0.3140 59.9866
0.032 346.241 0.1943 0.1899 0.1999 59.9788
0.100 75.419 0.1577 0.1545 0.1627 59.9979
0.316 13.731 0.1628 0.1581 0.1665 60.0016
1.000 1.841 0.1658 0.1616 0.1700 59.9871
3.162 0.166 0.1694 0.1647 0.1738 59.9912
10.000 0.011 0.2524 0.2426 0.2611 60.0029
31.623 0.001 0.4642 0.4210 0.5040 59.9719
0.010 1439.601 0.3019 0.2948 0.3102 59.9810
0.032 346.241 0.1862 0.1814 0.1908 59.9807
0.100 75.419 0.1643 0.1611 0.1695 59.9857
0.316 13.731 0.1574 0.1535 0.1610 60.0011
1.000 1.841 0.1665 0.1625 0.1709 60.0037
3.162 0.166 0.1697 0.1652 0.1745 60.0048
10.000 0.011 0.2266 0.2197 0.2354 59.9799
31.623 0.001 0.4904 0.4454 0.5319 60.0633
0.010 1439.601 0.2934 0.2844 0.2998 60.0101
0.032 346.241 0.1870 0.1831 0.1927 59.9940
0.100 75.419 0.1767 0.1718 0.1809 60.0044
0.316 13.731 0.1697 0.1656 0.1742 59.9860
1.000 1.841 0.1753 0.1713 0.1803 59.9929
3.162 0.166 0.1691 0.1657 0.1749 59.9888
10.000 0.011 0.2373 0.2289 0.2452 60.0036
31.623 0.001 0.4519 0.4214 0.4921 60.0006
0.010 1439.601 0.2921 0.2859 0.3008 59.9972
0.032 346.241 0.2021 0.1972 0.2072 59.9843
0.100 75.419 0.1634 0.1594 0.1675 59.9998
0.316 13.731 0.1699 0.1648 0.1736 59.9972
1.000 1.841 0.1678 0.1640 0.1722 59.9866
3.162 0.166 0.1652 0.1603 0.1695 60.0030
10.000 0.011 0.2457 0.2383 0.2556 60.0036
31.623 0.001 0.4901 0.4550 0.5289 59.9764
0.010 1439.601 0.2916 0.2844 0.2993 59.9745
0.032 346.241 0.1841 0.1798 0.1889 59.9736
0.100 75.419 0.1618 0.1581 0.1665 59.9912
0.316 13.731 0.1537 0.1504 0.1583 60.0151
1.000 1.841 0.1683 0.1639 0.1729 59.9975
3.162 0.166 0.1645 0.1608 0.1693 59.9867
10.000 0.011 0.2456 0.2359 0.2535 59.9967
31.623 0.001 0.4098 0.3688 0.4453 60.0998
0.010 1439.601 0.2986 0.2912 0.3062 59.9829
0.032 346.241 0.1904 0.1848 0.1945 59.9847
0.100 75.419 0.1612 0.1574 0.1656 59.9908
0.316 13.731 0.1728 0.1687 0.1774 59.9901
1.000 1.841 0.1723 0.1680 0.1763 59.9863
3.162 0.166 0.1766 0.1717 0.1815 59.9911
10.000 0.011 0.2372 0.2287 0.2463 59.9891
31.623 0.001 0.4149 0.3808 0.4545 59.9895
0.010 1439.601 0.2985 0.2912 0.3062 59.9818
0.032 346.241 0.1937 0.1880 0.1977 59.9901
0.100 75.419 0.1685 0.1643 0.1731 59.9993
0.316 13.731 0.1667 0.1624 0.1711 59.9996
1.000 1.841 0.1718 0.1671 0.1761 59.9853
3.162 0.166 0.1675 0.1632 0.1724 59.9920
10.000 0.011 0.2359 0.2283 0.2448 59.9994
31.623 0.001 0.5000 0.4621 0.5415 60.0000
0.010 1439.601 0.3037 0.2951 0.3100 59.9853
0.032 346.241 0.1820 0.1777 0.1870 59.9831
0.100 75.419 0.1661 0.1616 0.1702 59.9966
0.316 13.731 0.1687 0.1641 0.1728 59.9980
1.000 1.841 0.1721 0.1685 0.1774 59.9937
3.162 0.166 0.1731 0.1684 0.1774 59.9858
10.000 0.011 0.2265 0.2172 0.2342 59.9916
31.623 0.001 0.4681 0.4293 0.5027 60.0399
0.010 1439.601 0.2953 0.2879 0.3032 59.9744
0.032 346.241 0.1948 0.1895 0.1996 59.9799
0.100 75.419 0.1673 0.1632 0.1717 59.9834
0.316 13.731 0.1567 0.1526 0.1607 59.9971
1.000 1.841 0.1698 0.1656 0.1744 59.9957
3.162 0.166 0.1770 0.1716 0.1814 59.9929
10.000 0.011 0.2463 0.2367 0.2544 59.9981
31.623 0.001 0.4395 0.4074 0.4791 59.9141
0.010 1439.601 0.3011 0.2926 0.3074 59.9847
0.032 346.241 0.1855 0.1814 0.1906 59.9842
0.100 75.419 0.1712 0.1668 0.1755 59.9943
0.316 13.731 0.1739 0.1691 0.1780 59.9896
1.000 1.841 0.1669 0.1623 0.1708 59.9925
3.162 0.166 0.1718 0.1670 0.1763 59.9944
10.000 0.011 0.2437 0.2357 0.2536 60.0011
31.623 0.001 0.4794 0.4384 0.5205 59.9123
0.010 1439.601 0.3118 0.3041 0.3199 59.9906
0.032 346.241 0.1920 0.1874 0.1974 59.9832
0.100 75.419 0.1665 0.1620 0.1705 59.9798
0.316 13.731 0.1659 0.1620 0.1707 59.9913
1.000 1.841 0.1690 0.1644 0.1727 59.9932
3.162 0.166 0.1657 0.1614 0.1703 59.9883
10.000 0.011 0.2428 0.2341 0.2522 59.9987
31.623 0.001 0.4576 0.4127 0.4947 60.0426
0.010 1439.601 0.3006 0.2926 0.3078 59.9831
0.032 346.241 0.1770 0.1725 0.1815 59.9996
0.100 75.419 0.1629 0.1598 0.1680 59.9932
0.316 13.731 0.1660 0.1624 0.1708 59.9915
1.000 1.841 0.1707 0.1667 0.1754 60.0010
3.162 0.166 0.1660 0.1613 0.1702 60.0046
10.000 0.011 0.2495 0.2411 0.2597 60.0305
31.623 0.001 0.4646 0.4334 0.5024 60.0839
0.010 1439.601 0.2925 0.2848 0.2997 59.9805
0.032 346.241 0.1946 0.1896 0.1993 59.9927
0.100 75.419 0.1642 0.1602 0.1685 60.0039
0.316 13.731 0.1741 0.1696 0.1783 59.9953
1.000 1.841 0.1611 0.1568 0.1652 59.9972
3.162 0.166 0.1723 0.1677 0.1775 59.9867
10.000 0.011 0.2379 0.2292 0.2470 60.0194
31.623 0.001 0.4566 0.4173 0.4911 59.9394
0.010 1439.601 0.3014 0.2931 0.3087 59.9832
0.032 346.241 0.1866 0.1832 0.1924 59.9946
0.100 75.419 0.1677 0.1626 0.1711 59.9964
0.316 13.731 0.1639 0.1600 0.1682 59.9935
1.000 1.841 0.1656 0.1616 0.1701 60.0019
3.162 0.166 0.1708 0.1660 0.1754 59.9967
10.000 0.011 0.2444 0.2352 0.2532 59.9898
31.623 0.001 0.4720 0.4352 0.5130 59.9499
0.010 1439.601 0.3078 0.3009 0.3169 59.9841
0.032 346.241 0.1947 0.1907 0.2002 59.9799
0.100 75.419 0.1564 0.1526 0.1607 60.0011
0.316 13.731 0.1719 0.1674 0.1764 59.9911
1.000 1.841 0.1653 0.1610 0.1696 60.0059
3.162 0.166 0.1700 0.1659 0.1748 60.0022
10.000 0.011 0.2360 0.2268 0.2440 59.9787
31.623 0.001 0.4565 0.4215 0.4928 59.9131
0.010 1439.601 0.2921 0.2851 0.2999 59.9761
0.032 346.241 0.1899 0.1852 0.1946 59.9766
0.100 75.419 0.1621 0.1577 0.1659 59.9898
0.316 13.731 0.1591 0.1546 0.1628 59.9952
1.000 1.841 0.1699 0.1655 0.1743 59.9998
3.162 0.166 0.1740 0.1687 0.1784 60.0090
10.000 0.011 0.2518 0.2438 0.2613 60.0122
31.623 0.001 0.4793 0.4439 0.5247 60.0400
0.010 1439.601 0.3013 0.2940 0.3092 59.9907
0.032 346.241 0.1867 0.1820 0.1916 59.9923
0.100 75.419 0.1660 0.1617 0.1700 59.9914
0.316 13.731 0.1576 0.1542 0.1621 59.9898
1.000 1.841 0.1632 0.1592 0.1676 59.9972
3.162 0.166 0.1728 0.1678 0.1769 59.9962
10.000 0.011 0.2438 0.2348 0.2525 59.9968
31.623 0.001 0.4626 0.4333 0.5046 60.0720
0.010 1439.601 0.2969 0.2901 0.3045 59.9815
0.032 346.241 0.1867 0.1821 0.1917 59.9873
0.100 75.419 0.1682 0.1644 0.1730 59.9856
0.316 13.731 0.1749 0.1702 0.1792 59.9980
1.000 1.841 0.1743 0.1698 0.1790 59.9945
3.162 0.166 0.1768 0.1722 0.1819 59.9912
10.000 0.011 0.2453 0.2365 0.2544 60.0096
31.623 0.001 0.4989 0.4599 0.5443 59.8872
0.010 1439.601 0.2942 0.2857 0.3008 59.9878
0.032 346.241 0.2002 0.1955 0.2058 59.9796
0.100 75.419 0.1607 0.1574 0.1654 59.9840
0.316 13.731 0.1641 0.1599 0.1685 59.9853
1.000 1.841 0.1679 0.1638 0.1724 60.0119
3.162 0.166 0.1732 0.1684 0.1775 59.9940
10.000 0.011 0.2308 0.2231 0.2394 59.9767
31.623 0.001 0.4493 0.4129 0.4868 60.0282
0.010 1439.601 0.2963 0.2883 0.3037 59.9749
0.032 346.241 0.1962 0.1909 0.2010 59.9980
0.100 75.419 0.1564 0.1528 0.1607 60.0012
0.316 13.731 0.1603 0.1561 0.1645 59.9898
1.000 1.841 0.1660 0.1619 0.1704 59.9956
3.162 0.166 0.1707 0.1661 0.1750 59.9961
10.000 0.011 0.2440 0.2368 0.2545 59.9933
31.623 0.001 0.4422 0.3967 0.4835 59.9386
0.010 1439.601 0.3033 0.2967 0.3122 59.9774
0.032 346.241 0.1854 0.1807 0.1901 59.9961
0.100 75.419 0.1576 0.1541 0.1619 60.0020
0.316 13.731 0.1619 0.1579 0.1661 59.9953
1.000 1.841 0.1651 0.1609 0.1696 60.0003
3.162 0.166 0.1718 0.1672 0.1767 59.9922
10.000 0.011 0.2399 0.2317 0.2495 59.9806
31.623 0.001 0.4928 0.4547 0.5310 59.9201
0.010 1439.601 0.3033 0.2949 0.3097 59.9741
0.032 346.241 0.1851 0.1805 0.1899 59.9913
0.100 75.419 0.1553 0.1511 0.1590 59.9857
0.316 13.731 0.1644 0.1604 0.1688 60.0080
1.000 1.841 0.1640 0.1597 0.1678 60.0076
3.162 0.166 0.1679 0.1639 0.1729 59.9860
10.000 0.011 0.2446 0.2348 0.2518 60.0025
31.623 0.001 0.4482 0.4219 0.4909 60.0267
0.010 1439.601 0.2882 0.2806 0.2955 60.0128
0.032 346.241 0.1823 0.1775 0.1867 59.9849
0.100 75.419 0.1549 0.1507 0.1588 59.9808
0.316 13.731 0.1696 0.1653 0.1738 59.9901
1.000 1.841 0.1703 0.1658 0.1744 59.9845
3.162 0.166 0.1723 0.1681 0.1774 60.0108
10.000 0.011 0.2386 0.2296 0.2468 59.9960
31.623 0.001 0.4790 0.4460 0.5203 59.9766
0.010 1439.601 0.2993 0.2912 0.3063 59.9654
0.032 346.241 0.1853 0.1807 0.1902 59.9803
0.100 75.419 0.1606 0.1565 0.1648 59.9949
0.316 13.731 0.1535 0.1497 0.1576 59.9926
1.000 1.841 0.1680 0.1639 0.1723 59.9888
3.162 0.166 0.1655 0.1613 0.1702 59.9929
10.000 0.011 0.2459 0.2372 0.2554 59.9902
31.623 0.001 0.4790 0.4431 0.5191 59.9484
0.010 1439.601 0.2928 0.2854 0.3008 59.9784
0.032 346.241 0.1761 0.1721 0.1810 59.9929
0.100 75.419 0.1552 0.1512 0.1593 60.0021
0.316 13.731 0.1602 0.1560 0.1643 59.9864
1.000 1.841 0.1721 0.1686 0.1774 60.0045
3.162 0.166 0.1661 0.1613 0.1705 59.9869
10.000 0.011 0.2393 0.2318 0.2493 60.0105
31.623 0.001 0.4699 0.4357 0.5147 59.9906
0.010 1439.601 0.3051 0.2976 0.3133 59.9731
0.032 346.241 0.1907 0.1855 0.1951 59.9901
0.100 75.419 0.1660 0.1622 0.1708 59.9896
0.316 13.731 0.1654 0.1609 0.1694 59.9915
1.000 1.841 0.1740 0.1696 0.1781 59.9892
3.162 0.166 0.1658 0.1623 0.1711 59.9824
10.000 0.011 0.2279 0.2212 0.2383 59.9957
31.623 0.001 0.4354 0.4068 0.4778 59.9212
0.010 1439.601 0.2943 0.2859 0.3009 59.9828
0.032 346.241 0.1862 0.1823 0.1918 59.9808
0.100 75.419 0.1568 0.1536 0.1616 59.9802
0.316 13.731 0.1705 0.1664 0.1750 59.9886
1.000 1.841 0.1684 0.1644 0.1731 60.0002
3.162 0.166 0.1726 0.1677 0.1774 59.9929
10.000 0.011 0.2238 0.2149 0.2313 59.9990
31.623 0.001 0.4377 0.3998 0.4722 59.9993
0.010 1439.601 0.2924 0.2854 0.3005 59.9864
0.032 346.241 0.1833 0.1779 0.1871 59.9983
0.100 75.419 0.1593 0.1552 0.1639 59.9895
0.316 13.731 0.1709 0.1663 0.1748 59.9880
1.000 1.841 0.1684 0.1637 0.1724 59.9892
3.162 0.166 0.1688 0.1635 0.1726 59.9948
10.000 0.011 0.2323 0.2235 0.2403 59.9962
31.623 0.001 0.4865 0.4529 0.5282 60.0168
0.010 1439.601 0.3007 0.2920 0.3073 59.9805
0.032 346.241 0.1866 0.1812 0.1909 59.9975
0.100 75.419 0.1589 0.1558 0.1639 59.9874
0.316 13.731 0.1687 0.1646 0.1730 59.9867
1.000 1.841 0.1732 0.1686 0.1776 59.9832
3.162 0.166 0.1837 0.1785 0.1880 59.9792
10.000 0.011 0.2444 0.2348 0.2520 59.9875
31.623 0.001 0.4669 0.4323 0.5119 60.0646
0.010 1439.601 0.2896 0.2821 0.2968 59.9671
0.032 346.241 0.1887 0.1847 0.1942 59.9902
0.100 75.419 0.1678 0.1632 0.1716 59.9930
0.316 13.731 0.1671 0.1626 0.1708 59.9972
1.000 1.841 0.1743 0.1700 0.1791 60.0008
3.162 0.166 0.1714 0.1674 0.1763 60.0004
10.000 0.011 0.2447 0.2351 0.2537 59.9856
31.623 0.001 0.4510 0.4122 0.4858 59.8962
0.010 1439.601 0.2927 0.2847 0.3000 60.0038
0.032 346.241 0.1933 0.1879 0.1979 59.9958
0.100 75.419 0.1610 0.1569 0.1650 59.9985
0.316 13.731 0.1631 0.1591 0.1673 59.9942
1.000 1.841 0.1693 0.1655 0.1741 59.9911
3.162 0.166 0.1703 0.1655 0.1747 59.9930
10.000 0.011 0.2239 0.2169 0.2338 59.9928
31.623 0.001 0.4668 0.4192 0.5010 59.8875
0.010 1439.601 0.2968 0.2899 0.3047 59.9783
0.032 346.241 0.1836 0.1785 0.1877 59.9858
0.100 75.419 0.1578 0.1541 0.1621 59.9947
0.316 13.731 0.1592 0.1556 0.1638 60.0009
1.000 1.841 0.1756 0.1708 0.1796 59.9996
3.162 0.166 0.1712 0.1671 0.1762 60.0033
10.000 0.011 0.2416 0.2328 0.2507 60.0028
31.623 0.001 0.4737 0.4406 0.5139 60.0224
0.010 1439.601 0.3030 0.2962 0.3114 59.9681
0.032 346.241 0.2021 0.1966 0.2071 59.9878
0.100 75.419 0.1622 0.1574 0.1658 59.9807
0.316 13.731 0.1632 0.1598 0.1681 59.9921
1.000 1.841 0.1711 0.1667 0.1752 59.9965
3.162 0.166 0.1731 0.1681 0.1773 59.9865
10.000 0.011 0.2247 0.2179 0.2337 60.0026
31.623 0.001 0.4481 0.4173 0.4932 59.9370
0.010 1439.601 0.2891 0.2823 0.2973 59.9902
0.032 346.241 0.1892 0.1845 0.1940 59.9762
0.100 75.419 0.1577 0.1535 0.1615 59.9822
0.316 13.731 0.1632 0.1585 0.1673 59.9923
1.000 1.841 0.1661 0.1624 0.1708 60.0077
3.162 0.166 0.1740 0.1698 0.1793 59.9899
10.000 0.011 0.2403 0.2307 0.2484 60.0020
31.623 0.001 0.4871 0.4502 0.5305 59.9183
0.010 1439.601 0.3081 0.2997 0.3156 59.9850
0.032 346.241 0.1887 0.1840 0.1938 59.9828
0.100 75.419 0.1637 0.1596 0.1681 59.9851
0.316 13.731 0.1662 0.1620 0.1705 59.9884
1.000 1.841 0.1670 0.1632 0.1716 59.9883
3.162 0.166 0.1733 0.1689 0.1782 59.9953
10.000 0.011 0.2353 0.2275 0.2445 60.0363
31.623 0.001 0.4836 0.4390 0.5188 59.9222
0.010 1439.601 0.3019 0.2946 0.3100 59.9934
0.032 346.241 0.1984 0.1938 0.2038 59.9928
0.100 75.419 0.1630 0.1586 0.1669 59.9910
0.316 13.731 0.1705 0.1664 0.1751 59.9853
1.000 1.841 0.1687 0.1646 0.1733 59.9957
3.162 0.166 0.1762 0.1717 0.1816 59.9939
10.000 0.011 0.2376 0.2308 0.2480 59.9942
31.623 0.001 0.4492 0.4181 0.4879 59.9540
0.010 1439.601 0.2890 0.2814 0.2961 59.9733
0.032 346.241 0.1971 0.1923 0.2023 59.9839
0.100 75.419 0.1616 0.1565 0.1651 59.9871
0.316 13.731 0.1649 0.1612 0.1693 59.9894
1.000 1.841 0.1707 0.1665 0.1752 59.9952
3.162 0.166 0.1579 0.1539 0.1627 59.9985
10.000 0.011 0.2332 0.2242 0.2416 59.9891
31.623 0.001 0.4541 0.4147 0.4829 59.9807
0.010 1439.601 0.3021 0.2931 0.3091 59.9833
0.032 346.241 0.1912 0.1861 0.1960 59.9857
0.100 75.419 0.1664 0.1623 0.1710 59.9925
0.316 13.731 0.1634 0.1598 0.1682 59.9959
1.000 1.841 0.1623 0.1582 0.1666 59.9937
3.162 0.166 0.1707 0.1649 0.1744 59.9891
10.000 0.011 0.2353 0.2273 0.2440 59.9988
31.623 0.001 0.4610 0.4250 0.5002 59.9946
0.010 1439.601 0.3009 0.2920 0.3076 59.9750
0.032 346.241 0.1902 0.1848 0.1944 59.9869
0.100 75.419 0.1566 0.1521 0.1601 59.9925
0.316 13.731 0.1757 0.1713 0.1802 59.9797
1.000 1.841 0.1681 0.1631 0.1721 60.0036
3.162 0.166 0.1727 0.1678 0.1768 60.0007
10.000 0.011 0.2467 0.2374 0.2549 60.0003
31.623 0.001 0.4538 0.4231 0.4863 59.9704
0.010 1439.601 0.2868 0.2793 0.2943 59.9883
0.032 346.241 0.1808 0.1760 0.1857 59.9928
0.100 75.419 0.1618 0.1578 0.1659 59.9875
0.316 13.731 0.1634 0.1592 0.1678 59.9826
1.000 1.841 0.1687 0.1641 0.1729 59.9995
3.162 0.166 0.1700 0.1654 0.1744 59.9924
10.000 0.011 0.2231 0.2164 0.2329 60.0047
31.623 0.001 0.4623 0.4291 0.5002 59.9511
0.010 1439.601 0.3078 0.2998 0.3150 59.9767
0.032 346.241 0.1913 0.1875 0.1972 59.9829
0.100 75.419 0.1652 0.1617 0.1701 59.9856
0.316 13.731 0.1584 0.1549 0.1631 60.0026
1.000 1.841 0.1753 0.1697 0.1787 59.9997
3.162 0.166 0.1723 0.1677 0.1767 60.0033
10.000 0.011 0.2501 0.2391 0.2581 59.9779
31.623 0.001 0.4414 0.4051 0.4763 59.9445
0.010 1439.601 0.2999 0.2915 0.3072 59.9790
0.032 346.241 0.1939 0.1883 0.1982 60.0030
0.100 75.419 0.1597 0.1565 0.1650 59.9844
0.316 13.731 0.1593 0.1557 0.1637 59.9933
1.000 1.841 0.1692 0.1647 0.1734 59.9900
3.162 0.166 0.1793 0.1748 0.1842 60.0005
10.000 0.011 0.2245 0.2180 0.2341 60.0065
31.623 0.001 0.4617 0.4242 0.4899 60.0034
0.010 1439.601 0.3051 0.2959 0.3116 59.9743
0.032 346.241 0.1782 0.1735 0.1825 59.9841
0.100 75.419 0.1565 0.1523 0.1601 59.9984
0.316 13.731 0.1665 0.1615 0.1699 59.9915
1.000 1.841 0.1599 0.1562 0.1645 60.0107
3.162 0.166 0.1697 0.1653 0.1744 59.9869
10.000 0.011 0.2457 0.2364 0.2542 59.9965
31.623 0.001 0.4415 0.4116 0.4856 59.9419
0.010 1439.601 0.3035 0.2966 0.3125 59.9764
0.032 346.241 0.1872 0.1825 0.1916 59.9976
0.100 75.419 0.1693 0.1653 0.1740 59.9966
0.316 13.731 0.1659 0.1618 0.1700 59.9809
1.000 1.841 0.1686 0.1640 0.1727 59.9986
3.162 0.166 0.1725 0.1683 0.1775 60.0024
10.000 0.011 0.2461 0.2370 0.2552 60.0077
31.623 0.001 0.4612 0.4287 0.5040 59.9718
0.010 1439.601 0.2884 0.2821 0.2964 59.9849
0.032 346.241 0.1943 0.1898 0.1997 60.0046
0.100 75.419 0.1680 0.1632 0.1715 59.9870
0.316 13.731 0.1691 0.1647 0.1736 59.9986
1.000 1.841 0.1620 0.1589 0.1673 59.9963
3.162 0.166 0.1662 0.1623 0.1712 60.0007
10.000 0.011 0.2418 0.2341 0.2513 59.9703
31.623 0.001 0.4210 0.3972 0.4574 60.0474
0.010 1439.601 0.2909 0.2831 0.2978 60.0002
0.032 346.241 0.1865 0.1824 0.1920 59.9890
0.100 75.419 0.1626 0.1587 0.1667 59.9978
0.316 13.731 0.1675 0.1636 0.1719 59.9968
1.000 1.841 0.1623 0.1588 0.1670 60.0047
3.162 0.166 0.1683 0.1644 0.1730 59.9992
10.000 0.011 0.2393 0.2306 0.2478 59.9955
31.623 0.001 0.4784 0.4437 0.5199 60.0386
0.010 1439.601 0.2862 0.2791 0.2935 59.9880
0.032 346.241 0.1842 0.1799 0.1894 59.9859
0.100 75.419 0.1611 0.1577 0.1658 60.0006
0.316 13.731 0.1712 0.1666 0.1751 60.0025
1.000 1.841 0.1708 0.1665 0.1751 59.9944
3.162 0.166 0.1743 0.1698 0.1793 60.0021
10.000 0.011 0.2413 0.2329 0.2498 59.9872
31.623 0.001 0.4336 0.3974 0.4728 59.9487
0.010 1439.601 0.2974 0.2903 0.3053 59.9667
0.032 346.241 0.1786 0.1746 0.1840 59.9758
0.100 75.419 0.1622 0.1584 0.1666 59.9933
0.316 13.731 0.1643 0.1598 0.1679 59.9941
1.000 1.841 0.1683 0.1640 0.1726 59.9900
3.162 0.166 0.1721 0.1682 0.1775 59.9907
10.000 0.011 0.2549 0.2462 0.2639 59.9904
31.623 0.001 0.4765 0.4375 0.5150 60.0078
0.010 1439.601 0.2964 0.2889 0.3041 59.9803
0.032 346.241 0.1900 0.1847 0.1946 59.9941
0.100 75.419 0.1632 0.1586 0.1669 59.9954
0.316 13.731 0.1656 0.1615 0.1695 59.9970
1.000 1.841 0.1680 0.1631 0.1718 59.9955
3.162 0.166 0.1698 0.1650 0.1740 59.9968
10.000 0.011 0.2262 0.2182 0.2343 59.9980
31.623 0.001 0.4640 0.4257 0.4992 59.9769
0.010 1439.601 0.2974 0.2903 0.3052 59.9987
0.032 346.241 0.1925 0.1879 0.1979 59.9799
0.100 75.419 0.1540 0.1501 0.1578 59.9949
0.316 13.731 0.1660 0.1619 0.1705 59.9883
1.000 1.841 0.1682 0.1646 0.1731 60.0073
3.162 0.166 0.1696 0.1651 0.1743 59.9922
10.000 0.011 0.2359 0.2276 0.2447 59.9819
31.623 0.001 0.4340 0.4028 0.4721 60.0179
0.010 1439.601 0.2897 0.2820 0.2970 59.9780
0.032 346.241 0.1840 0.1792 0.1881 59.9957
0.100 75.419 0.1640 0.1599 0.1680 59.9924
0.316 13.731 0.1659 0.1621 0.1705 59.9939
1.000 1.841 0.1685 0.1637 0.1723 60.0051
3.162 0.166 0.1699 0.1653 0.1745 59.9960
10.000 0.011 0.2483 0.2394 0.2582 59.9975
31.623 0.001 0.4434 0.4043 0.4820 59.9602
0.010 1439.601 0.2954 0.2873 0.3023 59.9761
0.032 346.241 0.1819 0.1775 0.1874 59.9897
0.100 75.419 0.1565 0.1527 0.1607 59.9916
0.316 13.731 0.1642 0.1600 0.1683 59.9886
1.000 1.841 0.1681 0.1643 0.1729 59.9912
3.162 0.166 0.1708 0.1671 0.1761 60.0035
10.000 0.011 0.2316 0.2235 0.2401 60.0081
31.623 0.001 0.4545 0.4162 0.4915 60.0506
0.010 1439.601 0.3000 0.2932 0.3083 59.9975
0.032 346.241 0.1924 0.1872 0.1966 59.9879
0.100 75.419 0.1594 0.1543 0.1629 59.9933
0.316 13.731 0.1669 0.1630 0.1718 59.9972
1.000 1.841 0.1657 0.1618 0.1701 59.9950
3.162 0.166 0.1642 0.1598 0.1685 59.9916
10.000 0.011 0.2406 0.2341 0.2504 59.9871
31.623 0.001 0.4266 0.3994 0.4666 59.9422
0.010 1439.601 0.2877 0.2803 0.2953 59.9839
0.032 346.241 0.1897 0.1850 0.1947 59.9856
0.100 75.419 0.1647 0.1607 0.1694 60.0014
0.316 13.731 0.1686 0.1640 0.1727 59.9934
1.000 1.841 0.1683 0.1636 0.1722 59.9998
3.162 0.166 0.1756 0.1712 0.1805 60.0003
10.000 0.011 0.2450 0.2360 0.2521 59.9729
31.623 0.001 0.4535 0.4135 0.4853 60.0217
0.010 1439.601 0.2986 0.2927 0.3085 59.9771
0.032 346.241 0.1948 0.1898 0.1996 59.9890
0.100 75.419 0.1546 0.1507 0.1586 59.9974
0.316 13.731 0.1741 0.1694 0.1782 59.9899
1.000 1.841 0.1689 0.1644 0.1730 60.0054
3.162 0.166 0.1778 0.1732 0.1822 60.0060
10.000 0.011 0.2341 0.2262 0.2427 59.9893
31.623 0.001 0.4516 0.4197 0.4952 59.9868
0.010 1439.601 0.2942 0.2861 0.3009 59.9748
0.032 346.241 0.1896 0.1849 0.1946 59.9869
0.100 75.419 0.1609 0.1567 0.1649 59.9930
0.316 13.731 0.1588 0.1549 0.1632 60.0019
1.000 1.841 0.1719 0.1680 0.1768 59.9907
3.162 0.166 0.1661 0.1619 0.1711 59.9985
10.000 0.011 0.2405 0.2321 0.2489 59.9984
31.623 0.001 0.4370 0.4051 0.4684 60.0006
0.010 1439.601 0.3008 0.2927 0.3082 59.9849
0.032 346.241 0.1912 0.1853 0.1950 59.9769
0.100 75.419 0.1557 0.1523 0.1603 59.9961
0.316 13.731 0.1670 0.1628 0.1711 60.0033
1.000 1.841 0.1663 0.1617 0.1700 60.0055
3.162 0.166 0.1751 0.1704 0.1799 59.9919
10.000 0.011 0.2361 0.2269 0.2444 60.0135
31.623 0.001 0.4687 0.4353 0.5163 60.0350
0.010 1439.601 0.2901 0.2825 0.2979 59.9792
0.032 346.241 0.1955 0.1904 0.2001 59.9853
0.100 75.419 0.1600 0.1559 0.1642 59.9926
0.316 13.731 0.1608 0.1571 0.1654 60.0062
1.000 1.841 0.1597 0.1563 0.1647 60.0024
3.162 0.166 0.1751 0.1702 0.1794 59.9919
10.000 0.011 0.2291 0.2209 0.2383 59.9820
31.623 0.001 0.4432 0.4103 0.4906 59.9768
0.010 1439.601 0.2962 0.2890 0.3034 59.9825
0.032 346.241 0.1842 0.1793 0.1884 59.9865
0.100 75.419 0.1605 0.1565 0.1647 59.9876
0.316 13.731 0.1655 0.1622 0.1707 59.9942
1.000 1.841 0.1696 0.1654 0.1741 59.9972
3.162 0.166 0.1706 0.1669 0.1761 60.0010
10.000 0.011 0.2334 0.2251 0.2422 60.0094
31.623 0.001 0.4614 0.4334 0.5048 59.9622
0.010 1439.601 0.2890 0.2824 0.2970 59.9542
0.032 346.241 0.1822 0.1766 0.1861 59.9991
0.100 75.419 0.1587 0.1543 0.1623 60.0051
0.316 13.731 0.1560 0.1523 0.1604 59.9921
1.000 1.841 0.1618 0.1580 0.1667 59.9904
3.162 0.166 0.1698 0.1657 0.1747 59.9976
10.000 0.011 0.2397 0.2306 0.2483 59.9927
31.623 0.001 0.4349 0.4008 0.4794 59.9764
0.010 1439.601 0.3029 0.2936 0.3093 59.9788
0.032 346.241 0.1821 0.1783 0.1874 59.9897
0.100 75.419 0.1632 0.1590 0.1672 59.9867
0.316 13.731 0.1754 0.1713 0.1800 59.9996
1.000 1.841 0.1692 0.1647 0.1739 59.9849
3.162 0.166 0.1768 0.1710 0.1808 59.9934
10.000 0.011 0.2508 0.2410 0.2598 59.9903
31.623 0.001 0.4512 0.4238 0.4961 59.9868
0.010 1439.601 0.2919 0.2851 0.3005 59.9979
0.032 346.241 0.1860 0.1808 0.1903 59.9884
0.100 75.419 0.1650 0.1613 0.1697 59.9927
0.316 13.731 0.1671 0.1629 0.1717 59.9944
1.000 1.841 0.1596 0.1557 0.1636 59.9939
3.162 0.166 0.1695 0.1650 0.1742 59.9937
10.000 0.011 0.2396 0.2333 0.2502 59.9885
31.623 0.001 0.4507 0.4128 0.4904 59.9156
0.010 1439.601 0.3085 0.3005 0.3167 59.9934
0.032 346.241 0.1861 0.1814 0.1908 59.9890
0.100 75.419 0.1635 0.1593 0.1676 59.9923
0.316 13.731 0.1676 0.1639 0.1723 59.9935
1.000 1.841 0.1669 0.1625 0.1711 60.0044
3.162 0.166 0.1755 0.1709 0.1802 60.0029
10.000 0.011 0.2254 0.2165 0.2328 59.9796
31.623 0.001 0.4450 0.4154 0.4876 59.9647
0.010 1439.601 0.2921 0.2864 0.3011 59.9975
0.032 346.241 0.1914 0.1873 0.1971 59.9908
0.100 75.419 0.1582 0.1542 0.1623 59.9923
0.316 13.731 0.1686 0.1641 0.1725 59.9962
1.000 1.841 0.1647 0.1614 0.1700 59.9932
3.162 0.166 0.1650 0.1608 0.1696 59.9898
10.000 0.011 0.2336 0.2252 0.2422 59.9928
31.623 0.001 0.4318 0.3986 0.4715 59.9812
0.010 1439.601 0.3099 0.3026 0.3182 59.9825
0.032 346.241 0.1909 0.1872 0.1967 59.9853
0.100 75.419 0.1555 0.1524 0.1605 59.9867
0.316 13.731 0.1653 0.1620 0.1704 59.9876
1.000 1.841 0.1665 0.1624 0.1709 60.0090
3.162 0.166 0.1625 0.1589 0.1673 59.9904
10.000 0.011 0.2326 0.2234 0.2410 60.0159
31.623 0.001 0.4575 0.4261 0.5042 59.9249
0.010 1439.601 0.3021 0.2932 0.3086 59.9868
0.032 346.241 0.1839 0.1793 0.1886 59.9829
0.100 75.419 0.1637 0.1599 0.1683 59.9844
0.316 13.731 0.1675 0.1634 0.1721 59.9984
1.000 1.841 0.1688 0.1652 0.1738 59.9981
3.162 0.166 0.1688 0.1642 0.1728 59.9974
10.000 0.011 0.2366 0.2283 0.2445 59.9972
31.623 0.001 0.4280 0.3995 0.4695 59.9889
0.010 1439.601 0.3002 0.2918 0.3072 59.9893
0.032 346.241 0.1843 0.1797 0.1890 59.9963
0.100 75.419 0.1567 0.1532 0.1613 59.9953
0.316 13.731 0.1683 0.1634 0.1723 59.9984
1.000 1.841 0.1677 0.1638 0.1722 59.9873
3.162 0.166 0.1640 0.1598 0.1686 59.9955
10.000 0.011 0.2348 0.2255 0.2432 60.0188
31.623 0.001 0.4532 0.4223 0.4936 59.9859
0.010 1439.601 0.2950 0.2879 0.3031 59.9903
0.032 346.241 0.1910 0.1864 0.1957 59.9904
0.100 75.419 0.1600 0.1556 0.1637 59.9889
0.316 13.731 0.1671 0.1631 0.1714 59.9927
1.000 1.841 0.1764 0.1724 0.1814 59.9981
3.162 0.166 0.1769 0.1723 0.1816 59.9954
10.000 0.011 0.2438 0.2333 0.2515 59.9957
31.623 0.001 0.4964 0.4627 0.5405 60.0748
0.010 1439.601 0.3017 0.2948 0.3099 59.9787
0.032 346.241 0.1874 0.1830 0.1927 59.9814
0.100 75.419 0.1695 0.1646 0.1731 59.9940
0.316 13.731 0.1630 0.1589 0.1674 60.0103
1.000 1.841 0.1671 0.1636 0.1720 59.9965
3.162 0.166 0.1659 0.1618 0.1708 59.9901
10.000 0.011 0.2342 0.2254 0.2431 60.0218
31.623 0.001 0.4498 0.4178 0.4886 60.0049
0.010 1439.601 0.2912 0.2849 0.2998 59.9893
0.032 346.241 0.1894 0.1857 0.1954 60.0005
0.100 75.419 0.1621 0.1583 0.1670 60.0020
0.316 13.731 0.1654 0.1608 0.1689 59.9985
1.000 1.841 0.1626 0.1589 0.1673 59.9848
3.162 0.166 0.1737 0.1683 0.1775 59.9945
10.000 0.011 0.2242 0.2167 0.2329 59.9959
31.623 0.001 0.4909 0.4488 0.5253 59.9929
0.010 1439.601 0.2980 0.2905 0.3062 59.9845
0.032 346.241 0.1792 0.1742 0.1833 59.9801
0.100 75.419 0.1746 0.1701 0.1790 59.9967
0.316 13.731 0.1631 0.1592 0.1672 59.9883
1.000 1.841 0.1672 0.1628 0.1713 60.0008
3.162 0.166 0.1699 0.1659 0.1747 59.9832
10.000 0.011 0.2449 0.2358 0.2534 60.0117
31.623 0.001 0.4598 0.4192 0.4966 60.0270
0.010 1439.601 0.3048 0.2964 0.3116 59.9827
0.032 346.241 0.1798 0.1758 0.1848 59.9872
0.100 75.419 0.1612 0.1578 0.1665 59.9906
0.316 13.731 0.1641 0.1608 0.1690 59.9939
1.000 1.841 0.1667 0.1621 0.1707 59.9895
3.162 0.166 0.1688 0.1640 0.1733 60.0027
10.000 0.011 0.2366 0.2291 0.2460 59.9882
31.623 0.001 0.4701 0.4359 0.5117 59.9756
0.010 1439.601 0.2837 0.2781 0.2929 59.9899
0.032 346.241 0.1891 0.1846 0.1943 59.9943
0.100 75.419 0.1658 0.1619 0.1700 59.9930
0.316 13.731 0.1693 0.1641 0.1730 59.9905
1.000 1.841 0.1640 0.1598 0.1682 59.9994
3.162 0.166 0.1691 0.1655 0.1746 59.9990
10.000 0.011 0.2362 0.2276 0.2450 59.9840
31.623 0.001 0.4582 0.4198 0.4945 59.9337
0.010 1439.601 0.2869 0.2801 0.2955 59.9943
0.032 346.241 0.1838 0.1798 0.1890 59.9876
0.100 75.419 0.1571 0.1532 0.1611 59.9894
0.316 13.731 0.1665 0.1626 0.1710 59.9917
1.000 1.841 0.1647 0.1605 0.1690 59.9894
3.162 0.166 0.1771 0.1733 0.1828 59.9845
10.000 0.011 0.2378 0.2308 0.2481 59.9853
31.623 0.001 0.4863 0.4534 0.5242 60.0168
0.010 1439.601 0.2877 0.2817 0.2966 59.9848
0.032 346.241 0.1908 0.1861 0.1956 59.9944
0.100 75.419 0.1604 0.1570 0.1649 59.9993
0.316 13.731 0.1637 0.1599 0.1680 59.9934
1.000 1.841 0.1723 0.1677 0.1761 59.9889
3.162 0.166 0.1711 0.1668 0.1759 59.9945
10.000 0.011 0.2441 0.2358 0.2529 59.9908
31.623 0.001 0.4423 0.4126 0.4857 59.9846
0.010 1439.601 0.2904 0.2838 0.2984 59.9841
0.032 346.241 0.1798 0.1763 0.1856 59.9839
0.100 75.419 0.1599 0.1557 0.1638 59.9939
0.316 13.731 0.1678 0.1636 0.1720 59.9964
1.000 1.841 0.1708 0.1667 0.1755 59.9920
3.162 0.166 0.1665 0.1610 0.1700 59.9963
10.000 0.011 0.2379 0.2298 0.2471 59.9967
31.623 0.001 0.5019 0.4713 0.5420 60.0096
0.010 1439.601 0.2994 0.2927 0.3079 59.9690
0.032 346.241 0.1954 0.1899 0.1998 59.9861
0.100 75.419 0.1577 0.1535 0.1613 59.9977
0.316 13.731 0.1556 0.1518 0.1598 59.9880
1.000 1.841 0.1721 0.1680 0.1771 60.0028
3.162 0.166 0.1712 0.1661 0.1753 59.9926
10.000 0.011 0.2404 0.2330 0.2505 59.9919
31.623 0.001 0.4575 0.4242 0.4972 60.0689
0.010 1439.601 0.2933 0.2858 0.3007 59.9888
0.032 346.241 0.1801 0.1754 0.1845 59.9897
0.100 75.419 0.1616 0.1569 0.1649 59.9815
0.316 13.731 0.1600 0.1556 0.1643 60.0014
1.000 1.841 0.1749 0.1699 0.1789 60.0056
3.162 0.166 0.1790 0.1742 0.1839 59.9922
10.000 0.011 0.2418 0.2327 0.2511 60.0143
31.623 0.001 0.4938 0.4523 0.5331 59.9975
0.010 1439.601 0.3098 0.3020 0.3174 59.9929
0.032 346.241 0.1897 0.1849 0.1946 59.9774
0.100 75.419 0.1660 0.1611 0.1697 59.9935
0.316 13.731 0.1626 0.1579 0.1664 59.9950
1.000 1.841 0.1671 0.1623 0.1709 59.9985
3.162 0.166 0.1771 0.1733 0.1827 59.9949
10.000 0.011 0.2377 0.2297 0.2462 59.9990
31.623 0.001 0.4751 0.4311 0.5141 59.9597
0.010 1439.601 0.2930 0.2862 0.3009 59.9964
0.032 346.241 0.1887 0.1839 0.1932 59.9923
0.100 75.419 0.1620 0.1577 0.1659 59.9938
0.316 13.731 0.1578 0.1544 0.1624 59.9919
1.000 1.841 0.1677 0.1626 0.1712 59.9923
3.162 0.166 0.1736 0.1685 0.1779 60.0047
10.000 0.011 0.2312 0.2225 0.2394 60.0058
31.623 0.001 0.4467 0.4106 0.4829 60.0496
0.010 1439.601 0.3058 0.2977 0.3133 59.9708
0.032 346.241 0.1868 0.1822 0.1917 59.9802
0.100 75.419 0.1622 0.1582 0.1664 59.9860
0.316 13.731 0.1675 0.1632 0.1717 60.0145
1.000 1.841 0.1681 0.1636 0.1721 59.9967
3.162 0.166 0.1677 0.1647 0.1735 59.9905
10.000 0.011 0.2259 0.2206 0.2369 59.9941
31.623 0.001 0.4589 0.4189 0.4921 60.0108
0.010 1439.601 0.2914 0.2846 0.2988 59.9890
0.032 346.241 0.1807 0.1761 0.1853 59.9870
0.100 75.419 0.1630 0.1592 0.1677 59.9972
0.316 13.731 0.1693 0.1637 0.1725 59.9926
1.000 1.841 0.1632 0.1598 0.1680 59.9958
3.162 0.166 0.1715 0.1668 0.1760 60.0016
10.000 0.011 0.2290 0.2200 0.2366 59.9909
31.623 0.001 0.4522 0.4212 0.5039 59.9959
0.010 1439.601 0.2954 0.2866 0.3012 60.0048
0.032 346.241 0.1829 0.1787 0.1878 59.9870
0.100 75.419 0.1646 0.1605 0.1691 59.9992
0.316 13.731 0.1719 0.1673 0.1761 59.9946
1.000 1.841 0.1775 0.1728 0.1818 59.9936
3.162 0.166 0.1724 0.1688 0.1783 60.0035
10.000 0.011 0.2413 0.2318 0.2497 60.0044
31.623 0.001 0.4380 0.4082 0.4871 59.9091
0.010 1439.601 0.3073 0.2985 0.3139 59.9737
0.032 346.241 0.1873 0.1826 0.1917 59.9955
0.100 75.419 0.1570 0.1535 0.1616 59.9906
0.316 13.731 0.1623 0.1584 0.1663 59.9979
1.000 1.841 0.1637 0.1591 0.1673 59.9986
3.162 0.166 0.1689 0.1647 0.1738 59.9975
10.000 0.011 0.2255 0.2173 0.2330 60.0079
31.623 0.001 0.4652 0.4302 0.5030 60.0069
0.010 1439.601 0.2898 0.2821 0.2975 59.9886
0.032 346.241 0.1921 0.1875 0.1974 59.9903
0.100 75.419 0.1670 0.1622 0.1708 59.9828
0.316 13.731 0.1593 0.1547 0.1629 60.0064
1.000 1.841 0.1687 0.1650 0.1739 60.0068
3.162 0.166 0.1739 0.1689 0.1784 59.9959
10.000 0.011 0.2258 0.2176 0.2345 59.9750
31.623 0.001 0.4006 0.3680 0.4314 60.0349
0.010 1439.601 0.2983 0.2906 0.3057 60.0014
0.032 346.241 0.1847 0.1799 0.1894 59.9827
0.100 75.419 0.1705 0.1664 0.1752 59.9965
0.316 13.731 0.1626 0.1589 0.1673 59.9862
1.000 1.841 0.1712 0.1675 0.1763 59.9915
3.162 0.166 0.1723 0.1672 0.1765 59.9943
10.000 0.011 0.2343 0.2272 0.2437 59.9779
31.623 0.001 0.4514 0.4189 0.4886 59.9898
0.010 1439.601 0.3070 0.2992 0.3148 60.0033
0.032 346.241 0.1937 0.1885 0.1985 59.9880
0.100 75.419 0.1608 0.1567 0.1648 59.9921
0.316 13.731 0.1675 0.1628 0.1711 59.9804
1.000 1.841 0.1685 0.1642 0.1728 59.9857
3.162 0.166 0.1729 0.1683 0.1781 59.9946
10.000 0.011 0.2518 0.2431 0.2607 59.9915
31.623 0.001 0.4683 0.4310 0.5063 60.0573
0.010 1439.601 0.2944 0.2883 0.3037 59.9713
0.032 346.241 0.1850 0.1799 0.1897 59.9895
0.100 75.419 0.1544 0.1507 0.1585 59.9838
0.316 13.731 0.1610 0.1571 0.1652 59.9978
1.000 1.841 0.1707 0.1671 0.1757 59.9931
3.162 0.166 0.1709 0.1659 0.1749 59.9971
10.000 0.011 0.2459 0.2386 0.2559 59.9911
31.623 0.001 0.4734 0.4365 0.5085 60.0271
0.010 1439.601 0.2906 0.2830 0.2981 59.9875
0.032 346.241 0.1931 0.1883 0.1982 59.9794
0.100 75.419 0.1584 0.1538 0.1613 59.9896
0.316 13.731 0.1692 0.1647 0.1734 59.9829
1.000 1.841 0.1688 0.1653 0.1740 60.0032
3.162 0.166 0.1738 0.1691 0.1785 59.9889
10.000 0.011 0.2509 0.2427 0.2599 59.9909
31.623 0.001 0.4789 0.4411 0.5156 60.0511
0.010 1439.601 0.3006 0.2915 0.3071 59.9755
0.032 346.241 0.1901 0.1858 0.1955 59.9916
0.100 75.419 0.1592 0.1549 0.1634 59.9971
0.316 13.731 0.1673 0.1622 0.1710 59.9916
1.000 1.841 0.1675 0.1624 0.1709 59.9984
3.162 0.166 0.1706 0.1662 0.1755 59.9986
10.000 0.011 0.2269 0.2184 0.2344 60.0083
31.623 0.001 0.4544 0.4226 0.4925 59.9004
0.010 1439.601 0.3049 0.2971 0.3133 59.9735
0.032 346.241 0.1854 0.1812 0.1907 59.9796
0.100 75.419 0.1607 0.1569 0.1652 59.9901
0.316 13.731 0.1630 0.1590 0.1672 59.9874
1.000 1.841 0.1688 0.1645 0.1733 59.9971
3.162 0.166 0.1651 0.1614 0.1700 59.9963
10.000 0.011 0.2444 0.2344 0.2521 59.9934
31.623 0.001 0.4359 0.3978 0.4753 60.0320
0.010 1439.601 0.3017 0.2938 0.3090 59.9755
0.032 346.241 0.1845 0.1807 0.1902 59.9843
0.100 75.419 0.1604 0.1562 0.1644 59.9826
0.316 13.731 0.1698 0.1652 0.1738 59.9964
1.000 1.841 0.1748 0.1709 0.1802 59.9976
3.162 0.166 0.1720 0.1679 0.1772 60.0049
10.000 0.011 0.2544 0.2451 0.2632 59.9882
31.623 0.001 0.4657 0.4290 0.5026 60.0384
0.010 1439.601 0.3026 0.2946 0.3101 59.9878
0.032 346.241 0.1921 0.1870 0.1967 59.9841
0.100 75.419 0.1611 0.1572 0.1655 59.9843
0.316 13.731 0.1598 0.1558 0.1641 59.9905
1.000 1.841 0.1689 0.1648 0.1734 60.0040
3.162 0.166 0.1736 0.1686 0.1773 59.9933
10.000 0.011 0.2427 0.2361 0.2532 59.9891
31.623 0.001 0.4668 0.4321 0.5103 59.9689
0.010 1439.601 0.2959 0.2879 0.3036 59.9824
0.032 346.241 0.1818 0.1770 0.1865 60.0003
0.100 75.419 0.1647 0.1613 0.1699 59.9919
0.316 13.731 0.1714 0.1666 0.1755 59.9920
1.000 1.841 0.1688 0.1648 0.1735 59.9958
3.162 0.166 0.1782 0.1731 0.1827 59.9920
10.000 0.011 0.2428 0.2341 0.2519 59.9905
31.623 0.001 0.4298 0.3961 0.4664 59.9432
0.010 1439.601 0.2936 0.2869 0.3019 59.9790
0.032 346.241 0.1864 0.1804 0.1898 59.9823
0.100 75.419 0.1552 0.1521 0.1603 59.9915
0.316 13.731 0.1631 0.1595 0.1679 59.9877
1.000 1.841 0.1689 0.1648 0.1735 60.0011
3.162 0.166 0.1769 0.1724 0.1818 59.9989
10.000 0.011 0.2431 0.2340 0.2518 59.9985
31.623 0.001 0.4600 0.4252 0.4991 59.9187
