#A  P  sigma   slow   shigh   mu  
0.010 1439.601 0.5129 0.5088 0.5171 59.9683
0.032 346.241 0.3252 0.3224 0.3275 59.9770
0.100 75.419 0.2852 0.2827 0.2874 59.9900
0.316 13.731 0.2863 0.2837 0.2882 59.9915
1.000 1.841 0.2913 0.2890 0.2937 59.9954
3.162 0.166 0.3373 0.3339 0.3403 59.9930
10.000 0.011 0.4780 0.4702 0.4872 59.9883
31.623 0.001 0.7649 0.7256 0.8102 59.9733
0.010 1439.601 0.5160 0.5117 0.5198 59.9749
0.032 346.241 0.3283 0.3260 0.3313 59.9772
0.100 75.419 0.2795 0.2770 0.2814 59.9890
0.316 13.731 0.2846 0.2823 0.2869 59.9908
1.000 1.841 0.2974 0.2949 0.2998 59.9945
3.162 0.166 0.3328 0.3300 0.3363 59.9855
10.000 0.011 0.4686 0.4591 0.4759 59.9816
31.623 0.001 0.8320 0.7918 0.8797 59.9999
0.010 1439.601 0.5039 0.5002 0.5083 59.9649
0.032 346.241 0.3237 0.3211 0.3264 59.9783
0.100 75.419 0.2788 0.2769 0.2815 59.9881
0.316 13.731 0.2847 0.2825 0.2870 59.9916
1.000 1.841 0.2941 0.2918 0.2966 59.9934
3.162 0.166 0.3366 0.3331 0.3395 59.9944
10.000 0.011 0.4811 0.4730 0.4903 59.9804
31.623 0.001 0.7493 0.7177 0.7998 60.0193
0.010 1439.601 0.5159 0.5125 0.5208 59.9635
0.032 346.241 0.3256 0.3232 0.3284 59.9830
0.100 75.419 0.2826 0.2802 0.2848 59.9822
0.316 13.731 0.2854 0.2833 0.2879 59.9901
1.000 1.841 0.2903 0.2877 0.2925 59.9964
3.162 0.166 0.3333 0.3301 0.3365 59.9917
10.000 0.011 0.4811 0.4734 0.4906 60.0028
31.623 0.001 0.8183 0.7727 0.8644 59.8910
0.010 1439.601 0.5175 0.5139 0.5223 59.9676
0.032 346.241 0.3278 0.3249 0.3303 59.9788
0.100 75.419 0.2853 0.2828 0.2874 59.9898
0.316 13.731 0.2852 0.2825 0.2872 59.9919
1.000 1.841 0.2953 0.2925 0.2974 59.9860
3.162 0.166 0.3285 0.3252 0.3314 59.9875
10.000 0.011 0.4829 0.4730 0.4905 59.9927
31.623 0.001 0.8125 0.7650 0.8537 59.9935
0.010 1439.601 0.5175 0.5133 0.5215 59.9684
0.032 346.241 0.3257 0.3228 0.3280 59.9838
0.100 75.419 0.2804 0.2781 0.2826 59.9891
0.316 13.731 0.2854 0.2830 0.2876 59.9886
1.000 1.841 0.2903 0.2876 0.2924 59.9896
3.162 0.166 0.3368 0.3334 0.3398 59.9914
10.000 0.011 0.4849 0.4774 0.4948 59.9894
31.623 0.001 0.8601 0.8122 0.9145 60.0155
0.010 1439.601 0.5094 0.5055 0.5138 59.9562
0.032 346.241 0.3250 0.3231 0.3283 59.9848
0.100 75.419 0.2777 0.2754 0.2797 59.9891
0.316 13.731 0.2856 0.2832 0.2879 59.9868
1.000 1.841 0.2942 0.2922 0.2970 59.9868
3.162 0.166 0.3365 0.3334 0.3396 59.9842
10.000 0.011 0.4880 0.4813 0.4987 59.9774
31.623 0.001 0.8039 0.7648 0.8520 59.9597
0.010 1439.601 0.5190 0.5154 0.5236 59.9674
0.032 346.241 0.3225 0.3204 0.3255 59.9855
0.100 75.419 0.2833 0.2811 0.2858 59.9931
0.316 13.731 0.2880 0.2860 0.2906 59.9902
1.000 1.841 0.2954 0.2928 0.2977 59.9965
3.162 0.166 0.3304 0.3277 0.3338 59.9913
10.000 0.011 0.4821 0.4736 0.4911 59.9969
31.623 0.001 0.7910 0.7482 0.8341 59.9530
0.010 1439.601 0.5129 0.5086 0.5168 59.9771
0.032 346.241 0.3226 0.3198 0.3250 59.9845
0.100 75.419 0.2812 0.2787 0.2831 59.9839
0.316 13.731 0.2868 0.2847 0.2893 59.9835
1.000 1.841 0.2889 0.2868 0.2916 59.9878
3.162 0.166 0.3353 0.3317 0.3382 59.9939
10.000 0.011 0.4686 0.4609 0.4776 59.9902
31.623 0.001 0.7634 0.7208 0.8084 60.0207
0.010 1439.601 0.5102 0.5061 0.5145 59.9794
0.032 346.241 0.3217 0.3191 0.3242 59.9823
0.100 75.419 0.2782 0.2758 0.2803 59.9827
0.316 13.731 0.2868 0.2848 0.2892 59.9899
1.000 1.841 0.2970 0.2945 0.2994 59.9868
3.162 0.166 0.3340 0.3308 0.3371 59.9912
10.000 0.011 0.4616 0.4541 0.4704 60.0059
31.623 0.001 0.7877 0.7441 0.8257 60.1478
0.010 1439.601 0.5189 0.5150 0.5233 59.9790
0.032 346.241 0.3235 0.3208 0.3261 59.9772
0.100 75.419 0.2855 0.2831 0.2877 59.9849
0.316 13.731 0.2859 0.2833 0.2879 59.9892
1.000 1.841 0.2926 0.2902 0.2950 59.9930
3.162 0.166 0.3375 0.3346 0.3410 59.9946
10.000 0.011 0.4769 0.4691 0.4861 59.9915
31.623 0.001 0.8257 0.7755 0.8616 60.0455
0.010 1439.601 0.5190 0.5139 0.5221 59.9740
0.032 346.241 0.3220 0.3192 0.3245 59.9811
0.100 75.419 0.2799 0.2777 0.2822 59.9840
0.316 13.731 0.2841 0.2820 0.2866 59.9920
1.000 1.841 0.2928 0.2902 0.2949 59.9916
3.162 0.166 0.3316 0.3286 0.3348 59.9919
10.000 0.011 0.4776 0.4696 0.4863 59.9993
31.623 0.001 0.8322 0.7923 0.8802 59.9515
0.010 1439.601 0.5140 0.5102 0.5184 59.9770
0.032 346.241 0.3233 0.3208 0.3260 59.9798
0.100 75.419 0.2836 0.2814 0.2858 59.9859
0.316 13.731 0.2882 0.2862 0.2907 59.9882
1.000 1.841 0.2916 0.2890 0.2939 59.9941
3.162 0.166 0.3272 0.3243 0.3306 59.9964
10.000 0.011 0.4795 0.4716 0.4886 59.9990
31.623 0.001 0.8097 0.7711 0.8556 59.9974
0.010 1439.601 0.5148 0.5100 0.5182 59.9836
0.032 346.241 0.3273 0.3248 0.3301 59.9802
0.100 75.419 0.2771 0.2753 0.2797 59.9813
0.316 13.731 0.2886 0.2866 0.2911 59.9906
1.000 1.841 0.2931 0.2909 0.2956 59.9971
3.162 0.166 0.3318 0.3287 0.3350 59.9888
10.000 0.011 0.4818 0.4739 0.4912 59.9859
31.623 0.001 0.8102 0.7681 0.8567 59.9437
0.010 1439.601 0.5126 0.5083 0.5166 59.9690
0.032 346.241 0.3270 0.3247 0.3300 59.9847
0.100 75.419 0.2747 0.2728 0.2772 59.9874
0.316 13.731 0.2873 0.2847 0.2892 59.9908
1.000 1.841 0.2924 0.2899 0.2947 59.9868
3.162 0.166 0.3305 0.3275 0.3337 59.9875
10.000 0.011 0.4707 0.4604 0.4778 59.9938
31.623 0.001 0.7771 0.7391 0.8227 59.9134
0.010 1439.601 0.5122 0.5079 0.5162 59.9755
0.032 346.241 0.3218 0.3190 0.3242 59.9807
0.100 75.419 0.2812 0.2786 0.2831 59.9885
0.316 13.731 0.2887 0.2863 0.2909 59.9872
1.000 1.841 0.2931 0.2908 0.2955 59.9940
3.162 0.166 0.3333 0.3301 0.3364 59.9919
10.000 0.011 0.4774 0.4706 0.4881 59.9932
31.623 0.001 0.7594 0.7204 0.8014 59.8834
0.010 1439.601 0.5097 0.5053 0.5134 59.9679
0.032 346.241 0.3286 0.3262 0.3314 59.9737
0.100 75.419 0.2827 0.2805 0.2851 59.9855
0.316 13.731 0.2842 0.2819 0.2865 59.9927
1.000 1.841 0.2968 0.2942 0.2991 59.9957
3.162 0.166 0.3385 0.3351 0.3415 59.9912
10.000 0.011 0.4845 0.4765 0.4935 59.9701
31.623 0.001 0.8161 0.7716 0.8586 59.9381
0.010 1439.601 0.5101 0.5065 0.5147 59.9661
0.032 346.241 0.3260 0.3234 0.3288 59.9844
0.100 75.419 0.2798 0.2778 0.2822 59.9806
0.316 13.731 0.2841 0.2819 0.2864 59.9945
1.000 1.841 0.2920 0.2892 0.2940 59.9934
3.162 0.166 0.3330 0.3294 0.3359 59.9978
10.000 0.011 0.4708 0.4623 0.4791 60.0164
31.623 0.001 0.8189 0.7680 0.8559 60.0317
0.010 1439.601 0.5171 0.5133 0.5215 59.9713
0.032 346.241 0.3226 0.3199 0.3250 59.9818
0.100 75.419 0.2815 0.2789 0.2835 59.9861
0.316 13.731 0.2854 0.2831 0.2877 59.9913
1.000 1.841 0.2926 0.2903 0.2951 59.9895
3.162 0.166 0.3343 0.3314 0.3376 59.9918
10.000 0.011 0.4721 0.4637 0.4814 59.9801
31.623 0.001 0.7787 0.7245 0.8189 60.1187
0.010 1439.601 0.5072 0.5034 0.5116 59.9738
0.032 346.241 0.3217 0.3190 0.3241 59.9781
0.100 75.419 0.2819 0.2797 0.2842 59.9883
0.316 13.731 0.2878 0.2854 0.2901 59.9892
1.000 1.841 0.2938 0.2917 0.2964 59.9953
3.162 0.166 0.3334 0.3305 0.3368 59.9911
10.000 0.011 0.4656 0.4572 0.4739 59.9972
31.623 0.001 0.8354 0.7888 0.8788 60.0338
0.010 1439.601 0.5130 0.5083 0.5167 59.9752
0.032 346.241 0.3240 0.3218 0.3268 59.9838
0.100 75.419 0.2788 0.2764 0.2809 59.9853
0.316 13.731 0.2852 0.2828 0.2874 59.9872
1.000 1.841 0.2919 0.2896 0.2945 59.9933
3.162 0.166 0.3342 0.3307 0.3370 59.9912
10.000 0.011 0.4739 0.4654 0.4828 59.9698
31.623 0.001 0.8179 0.7860 0.8796 60.1062
0.010 1439.601 0.5210 0.5168 0.5253 59.9721
0.032 346.241 0.3262 0.3237 0.3289 59.9877
0.100 75.419 0.2865 0.2838 0.2883 59.9874
0.316 13.731 0.2872 0.2846 0.2892 59.9916
1.000 1.841 0.2895 0.2874 0.2922 59.9936
3.162 0.166 0.3347 0.3315 0.3379 59.9953
10.000 0.011 0.4805 0.4728 0.4903 60.0144
31.623 0.001 0.8283 0.7833 0.8751 60.0691
0.010 1439.601 0.5126 0.5085 0.5167 59.9702
0.032 346.241 0.3216 0.3190 0.3241 59.9858
0.100 75.419 0.2818 0.2800 0.2846 59.9883
0.316 13.731 0.2861 0.2835 0.2882 59.9896
1.000 1.841 0.2945 0.2918 0.2965 59.9915
3.162 0.166 0.3348 0.3315 0.3376 59.9978
10.000 0.011 0.4764 0.4690 0.4862 59.9730
31.623 0.001 0.7930 0.7609 0.8471 60.0345
0.010 1439.601 0.5095 0.5053 0.5135 59.9647
0.032 346.241 0.3238 0.3212 0.3265 59.9819
0.100 75.419 0.2808 0.2787 0.2833 59.9858
0.316 13.731 0.2824 0.2799 0.2845 59.9915
1.000 1.841 0.2888 0.2864 0.2911 59.9947
3.162 0.166 0.3322 0.3291 0.3353 59.9919
10.000 0.011 0.4761 0.4693 0.4863 59.9748
31.623 0.001 0.8151 0.7705 0.8542 60.0110
0.010 1439.601 0.5149 0.5108 0.5191 59.9741
0.032 346.241 0.3262 0.3237 0.3289 59.9751
0.100 75.419 0.2759 0.2738 0.2782 59.9910
0.316 13.731 0.2846 0.2822 0.2867 59.9869
1.000 1.841 0.2935 0.2907 0.2953 59.9903
3.162 0.166 0.3355 0.3323 0.3388 59.9958
10.000 0.011 0.4676 0.4603 0.4774 60.0028
31.623 0.001 0.7693 0.7303 0.8105 59.9950
0.010 1439.601 0.5132 0.5096 0.5178 59.9681
0.032 346.241 0.3214 0.3192 0.3243 59.9821
0.100 75.419 0.2823 0.2802 0.2847 59.9892
0.316 13.731 0.2833 0.2815 0.2860 59.9914
1.000 1.841 0.2942 0.2921 0.2969 59.9965
3.162 0.166 0.3344 0.3311 0.3374 59.9923
10.000 0.011 0.4597 0.4525 0.4685 59.9858
31.623 0.001 0.7198 0.6806 0.7595 60.0144
0.010 1439.601 0.5174 0.5137 0.5219 59.9646
0.032 346.241 0.3247 0.3216 0.3269 59.9808
0.100 75.419 0.2836 0.2811 0.2857 59.9862
0.316 13.731 0.2833 0.2811 0.2857 59.9890
1.000 1.841 0.2963 0.2934 0.2983 59.9927
3.162 0.166 0.3327 0.3294 0.3357 59.9885
10.000 0.011 0.4544 0.4441 0.4608 59.9796
31.623 0.001 0.6618 0.6264 0.6991 59.9026
0.010 1439.601 0.5104 0.5057 0.5138 59.9725
0.032 346.241 0.3227 0.3198 0.3250 59.9739
0.100 75.419 0.2832 0.2807 0.2854 59.9885
0.316 13.731 0.2847 0.2821 0.2867 59.9945
1.000 1.841 0.2926 0.2906 0.2953 59.9900
3.162 0.166 0.3313 0.3283 0.3347 59.9913
10.000 0.011 0.4699 0.4608 0.4771 59.9790
31.623 0.001 0.6536 0.6231 0.6934 59.9390
0.010 1439.601 0.5130 0.5083 0.5166 59.9682
0.032 346.241 0.3254 0.3233 0.3286 59.9768
0.100 75.419 0.2790 0.2766 0.2812 59.9862
0.316 13.731 0.2844 0.2820 0.2866 59.9891
1.000 1.841 0.2944 0.2923 0.2971 59.9898
3.162 0.166 0.3337 0.3305 0.3370 59.9895
10.000 0.011 0.4512 0.4428 0.4590 59.9931
31.623 0.001 0.7392 0.6982 0.7748 59.8985
0.010 1439.601 0.5161 0.5129 0.5211 59.9636
0.032 346.241 0.3280 0.3256 0.3308 59.9852
0.100 75.419 0.2805 0.2783 0.2829 59.9916
0.316 13.731 0.2843 0.2820 0.2865 59.9907
1.000 1.841 0.2918 0.2892 0.2939 59.9871
3.162 0.166 0.3315 0.3280 0.3342 59.9934
10.000 0.011 0.4527 0.4454 0.4615 59.9857
31.623 0.001 0.7473 0.7029 0.7847 59.9900
0.010 1439.601 0.5120 0.5081 0.5163 59.9645
0.032 346.241 0.3245 0.3217 0.3269 59.9801
0.100 75.419 0.2828 0.2805 0.2850 59.9805
0.316 13.731 0.2869 0.2844 0.2889 59.9899
1.000 1.841 0.2959 0.2934 0.2983 59.9927
3.162 0.166 0.3341 0.3311 0.3374 59.9906
10.000 0.011 0.4614 0.4532 0.4697 59.9873
31.623 0.001 0.6989 0.6587 0.7414 60.0064
0.010 1439.601 0.5114 0.5076 0.5158 59.9653
0.032 346.241 0.3269 0.3244 0.3298 59.9751
0.100 75.419 0.2826 0.2806 0.2852 59.9822
0.316 13.731 0.2815 0.2797 0.2842 59.9957
1.000 1.841 0.2923 0.2898 0.2946 59.9932
3.162 0.166 0.3292 0.3260 0.3322 59.9900
10.000 0.011 0.4571 0.4482 0.4650 59.9608
31.623 0.001 0.6745 0.6383 0.7100 60.0399
0.010 1439.601 0.5153 0.5114 0.5196 59.9720
0.032 346.241 0.3225 0.3204 0.3256 59.9847
0.100 75.419 0.2801 0.2774 0.2820 59.9889
0.316 13.731 0.2837 0.2817 0.2862 59.9939
1.000 1.841 0.2938 0.2909 0.2958 59.9907
3.162 0.166 0.3352 0.3323 0.3385 59.9913
10.000 0.011 0.4593 0.4522 0.4690 59.9874
31.623 0.001 0.7090 0.6761 0.7590 60.0360
0.010 1439.601 0.5139 0.5100 0.5183 59.9753
0.032 346.241 0.3257 0.3228 0.3280 59.9859
0.100 75.419 0.2833 0.2809 0.2855 59.9891
0.316 13.731 0.2840 0.2817 0.2861 59.9923
1.000 1.841 0.2923 0.2900 0.2947 59.9906
3.162 0.166 0.3324 0.3293 0.3356 59.9862
10.000 0.011 0.4914 0.4822 0.5001 59.9876
31.623 0.001 0.8180 0.7785 0.8724 60.0572
0.010 1439.601 0.5085 0.5046 0.5127 59.9747
0.032 346.241 0.3233 0.3209 0.3261 59.9784
0.100 75.419 0.2808 0.2786 0.2831 59.9902
0.316 13.731 0.2848 0.2828 0.2874 59.9842
1.000 1.841 0.2943 0.2920 0.2968 59.9882
3.162 0.166 0.3310 0.3279 0.3342 59.9906
10.000 0.011 0.4870 0.4780 0.4952 59.9837
31.623 0.001 0.8443 0.7932 0.8856 59.9378
0.010 1439.601 0.5132 0.5093 0.5175 59.9578
0.032 346.241 0.3228 0.3200 0.3253 59.9799
0.100 75.419 0.2791 0.2766 0.2811 59.9823
0.316 13.731 0.2870 0.2849 0.2895 59.9901
1.000 1.841 0.2927 0.2898 0.2947 59.9949
3.162 0.166 0.3178 0.3152 0.3207 59.9887
10.000 0.011 0.4126 0.4078 0.4173 59.9814
31.623 0.001 0.7409 0.7200 0.7613 59.9932
0.010 1439.601 0.5163 0.5125 0.5209 59.9700
0.032 346.241 0.3236 0.3211 0.3263 59.9783
0.100 75.419 0.2818 0.2797 0.2843 59.9865
0.316 13.731 0.2851 0.2826 0.2873 59.9941
1.000 1.841 0.2934 0.2911 0.2958 59.9903
3.162 0.166 0.3415 0.3392 0.3448 59.9710
10.000 0.011 0.4988 0.4941 0.5035 59.8611
31.623 0.001 0.6969 0.6847 0.7079 59.5292
0.010 1439.601 0.5056 0.5020 0.5100 59.9589
0.032 346.241 0.3227 0.3199 0.3250 59.9752
0.100 75.419 0.2830 0.2809 0.2855 59.9873
0.316 13.731 0.2845 0.2820 0.2865 59.9888
1.000 1.841 0.2947 0.2922 0.2969 59.9965
3.162 0.166 0.3171 0.3144 0.3197 59.9965
10.000 0.011 0.4132 0.4090 0.4184 59.9911
31.623 0.001 0.7046 0.6857 0.7260 59.9764
0.010 1439.601 0.5112 0.5070 0.5153 59.9768
0.032 346.241 0.3223 0.3198 0.3250 59.9811
0.100 75.419 0.2807 0.2784 0.2829 59.9922
0.316 13.731 0.2828 0.2808 0.2852 59.9865
1.000 1.841 0.2881 0.2856 0.2902 59.9871
3.162 0.166 0.3131 0.3108 0.3160 59.9875
10.000 0.011 0.4059 0.4017 0.4106 60.0009
31.623 0.001 0.7284 0.7077 0.7494 59.9237
0.010 1439.601 0.5136 0.5102 0.5185 59.9770
0.032 346.241 0.3221 0.3198 0.3249 59.9769
0.100 75.419 0.2775 0.2754 0.2798 59.9825
0.316 13.731 0.2830 0.2809 0.2854 59.9853
1.000 1.841 0.2899 0.2876 0.2922 59.9961
3.162 0.166 0.3145 0.3118 0.3169 59.9881
10.000 0.011 0.4182 0.4131 0.4225 59.9822
31.623 0.001 0.7417 0.7202 0.7600 59.9890
0.010 1439.601 0.5152 0.5106 0.5188 59.9746
0.032 346.241 0.3260 0.3233 0.3283 59.9787
0.100 75.419 0.2820 0.2801 0.2846 59.9887
0.316 13.731 0.2875 0.2853 0.2899 59.9905
1.000 1.841 0.2889 0.2867 0.2914 59.9930
3.162 0.166 0.3186 0.3156 0.3209 59.9930
10.000 0.011 0.4101 0.4059 0.4153 59.9940
31.623 0.001 0.7216 0.7032 0.7424 59.9479
0.010 1439.601 0.5131 0.5087 0.5169 59.9774
0.032 346.241 0.3254 0.3230 0.3282 59.9737
0.100 75.419 0.2777 0.2754 0.2798 59.9829
0.316 13.731 0.2842 0.2820 0.2867 59.9901
1.000 1.841 0.2926 0.2899 0.2946 59.9976
3.162 0.166 0.3152 0.3129 0.3182 59.9892
10.000 0.011 0.4144 0.4097 0.4190 59.9836
31.623 0.001 0.7415 0.7233 0.7644 59.9508
0.010 1439.601 0.5115 0.5082 0.5163 59.9776
0.032 346.241 0.3253 0.3228 0.3280 59.9783
0.100 75.419 0.2806 0.2782 0.2828 59.9828
0.316 13.731 0.2858 0.2833 0.2879 59.9844
1.000 1.841 0.2913 0.2891 0.2937 59.9967
3.162 0.166 0.3117 0.3090 0.3141 59.9915
10.000 0.011 0.4129 0.4081 0.4174 59.9863
31.623 0.001 0.7211 0.7052 0.7452 59.9498
0.010 1439.601 0.5188 0.5147 0.5230 59.9805
0.032 346.241 0.3171 0.3144 0.3196 59.9840
0.100 75.419 0.2847 0.2823 0.2867 59.9830
0.316 13.731 0.2880 0.2855 0.2901 59.9929
1.000 1.841 0.2941 0.2915 0.2963 59.9906
3.162 0.166 0.3139 0.3119 0.3172 59.9879
10.000 0.011 0.4231 0.4180 0.4277 60.0004
31.623 0.001 0.7291 0.7129 0.7528 59.9890
0.010 1439.601 0.5155 0.5110 0.5193 59.9714
0.032 346.241 0.3285 0.3256 0.3309 59.9787
0.100 75.419 0.2809 0.2787 0.2832 59.9940
0.316 13.731 0.2860 0.2836 0.2882 59.9923
1.000 1.841 0.2940 0.2916 0.2962 59.9934
3.162 0.166 0.3142 0.3118 0.3172 59.9936
10.000 0.011 0.4074 0.4025 0.4118 59.9898
31.623 0.001 0.7284 0.7069 0.7487 60.0292
0.010 1439.601 0.5188 0.5146 0.5228 59.9700
0.032 346.241 0.3203 0.3182 0.3234 59.9818
0.100 75.419 0.2764 0.2738 0.2784 59.9851
0.316 13.731 0.2829 0.2806 0.2850 59.9912
1.000 1.841 0.2924 0.2900 0.2948 59.9929
3.162 0.166 0.3128 0.3104 0.3157 59.9824
10.000 0.011 0.4106 0.4065 0.4159 59.9904
31.623 0.001 0.7216 0.7047 0.7445 59.9838
0.010 1439.601 0.5171 0.5133 0.5219 59.9736
0.032 346.241 0.3259 0.3234 0.3288 59.9857
0.100 75.419 0.2839 0.2817 0.2862 59.9831
0.316 13.731 0.2841 0.2818 0.2863 59.9902
1.000 1.841 0.2924 0.2902 0.2949 59.9876
3.162 0.166 0.3150 0.3124 0.3175 59.9924
10.000 0.011 0.4087 0.4040 0.4132 59.9939
31.623 0.001 0.7246 0.7056 0.7458 59.9644
0.010 1439.601 0.5110 0.5070 0.5152 59.9671
0.032 346.241 0.3206 0.3179 0.3230 59.9838
0.100 75.419 0.2782 0.2755 0.2800 59.9858
0.316 13.731 0.2842 0.2821 0.2866 59.9909
1.000 1.841 0.2884 0.2862 0.2908 59.9913
3.162 0.166 0.3228 0.3199 0.3253 59.9888
10.000 0.011 0.4186 0.4141 0.4238 59.9915
31.623 0.001 0.7080 0.6891 0.7287 60.0572
0.010 1439.601 0.5181 0.5145 0.5227 59.9754
0.032 346.241 0.3280 0.3249 0.3301 59.9807
0.100 75.419 0.2804 0.2785 0.2831 59.9872
0.316 13.731 0.2877 0.2858 0.2904 59.9871
1.000 1.841 0.2910 0.2888 0.2934 59.9947
3.162 0.166 0.3158 0.3134 0.3187 59.9901
10.000 0.011 0.4091 0.4044 0.4136 59.9911
31.623 0.001 0.7046 0.6874 0.7264 59.9320
0.010 1439.601 0.5191 0.5155 0.5239 59.9646
0.032 346.241 0.3238 0.3213 0.3266 59.9799
0.100 75.419 0.2793 0.2767 0.2812 59.9870
0.316 13.731 0.2862 0.2838 0.2885 59.9921
1.000 1.841 0.2922 0.2902 0.2950 59.9922
3.162 0.166 0.3163 0.3138 0.3192 59.9959
10.000 0.011 0.4157 0.4113 0.4207 59.9998
31.623 0.001 0.7287 0.7074 0.7482 60.0079
0.010 1439.601 0.5154 0.5115 0.5197 59.9692
0.032 346.241 0.3267 0.3235 0.3289 59.9834
0.100 75.419 0.2805 0.2785 0.2831 59.9936
0.316 13.731 0.2888 0.2861 0.2907 59.9851
1.000 1.841 0.2912 0.2888 0.2935 59.9956
3.162 0.166 0.3195 0.3170 0.3223 59.9884
10.000 0.011 0.4054 0.4009 0.4101 59.9880
31.623 0.001 0.7015 0.6790 0.7193 59.9450
0.010 1439.601 0.5171 0.5127 0.5209 59.9764
0.032 346.241 0.3234 0.3211 0.3263 59.9892
0.100 75.419 0.2816 0.2793 0.2839 59.9918
0.316 13.731 0.2866 0.2842 0.2887 59.9926
1.000 1.841 0.2943 0.2920 0.2967 59.9900
3.162 0.166 0.3120 0.3101 0.3153 59.9916
10.000 0.011 0.4159 0.4112 0.4206 59.9815
31.623 0.001 0.6872 0.6701 0.7084 59.9747
0.010 1439.601 0.5131 0.5098 0.5181 59.9590
0.032 346.241 0.3263 0.3235 0.3288 59.9856
0.100 75.419 0.2809 0.2789 0.2834 59.9921
0.316 13.731 0.2845 0.2823 0.2869 59.9929
1.000 1.841 0.2913 0.2887 0.2935 59.9904
3.162 0.166 0.3175 0.3146 0.3200 59.9871
10.000 0.011 0.4084 0.4040 0.4132 59.9924
31.623 0.001 0.7547 0.7334 0.7760 60.0344
0.010 1439.601 0.5210 0.5166 0.5250 59.9715
0.032 346.241 0.3203 0.3180 0.3231 59.9801
0.100 75.419 0.2810 0.2789 0.2833 59.9869
0.316 13.731 0.2851 0.2832 0.2878 59.9973
1.000 1.841 0.2906 0.2885 0.2932 59.9908
3.162 0.166 0.3134 0.3112 0.3164 59.9937
10.000 0.011 0.4129 0.4085 0.4177 59.9937
31.623 0.001 0.7356 0.7147 0.7557 59.9858
0.010 1439.601 0.5142 0.5107 0.5190 59.9661
0.032 346.241 0.3232 0.3203 0.3254 59.9866
0.100 75.419 0.2819 0.2796 0.2840 59.9868
0.316 13.731 0.2817 0.2800 0.2846 59.9927
1.000 1.841 0.2924 0.2896 0.2943 59.9878
3.162 0.166 0.3152 0.3128 0.3181 59.9957
10.000 0.011 0.4090 0.4051 0.4143 59.9878
31.623 0.001 0.7395 0.7221 0.7627 60.0585
0.010 1439.601 0.5206 0.5165 0.5249 59.9787
0.032 346.241 0.3201 0.3173 0.3225 59.9804
0.100 75.419 0.2830 0.2806 0.2851 59.9888
0.316 13.731 0.2840 0.2815 0.2862 59.9920
1.000 1.841 0.2911 0.2887 0.2933 59.9939
3.162 0.166 0.3183 0.3154 0.3207 59.9905
10.000 0.011 0.4120 0.4074 0.4168 60.0002
31.623 0.001 0.7078 0.6877 0.7282 59.9843
0.010 1439.601 0.5073 0.5029 0.5111 59.9766
0.032 346.241 0.3194 0.3172 0.3223 59.9834
0.100 75.419 0.2822 0.2797 0.2842 59.9915
0.316 13.731 0.2856 0.2837 0.2883 59.9877
1.000 1.841 0.2927 0.2902 0.2949 59.9929
3.162 0.166 0.3188 0.3165 0.3219 59.9949
10.000 0.011 0.4094 0.4044 0.4137 59.9970
31.623 0.001 0.7373 0.7183 0.7590 60.0055
0.010 1439.601 0.5138 0.5091 0.5173 59.9788
0.032 346.241 0.3232 0.3205 0.3257 59.9772
0.100 75.419 0.2837 0.2810 0.2856 59.9830
0.316 13.731 0.2880 0.2856 0.2902 59.9879
1.000 1.841 0.2943 0.2918 0.2965 59.9920
3.162 0.166 0.3157 0.3129 0.3181 59.9944
10.000 0.011 0.4159 0.4114 0.4206 59.9910
31.623 0.001 0.7490 0.7274 0.7691 59.9721
0.010 1439.601 0.5213 0.5163 0.5246 59.9810
0.032 346.241 0.3230 0.3204 0.3256 59.9746
0.100 75.419 0.2815 0.2793 0.2840 59.9882
0.316 13.731 0.2846 0.2826 0.2872 59.9937
1.000 1.841 0.2927 0.2897 0.2943 59.9941
3.162 0.166 0.3184 0.3154 0.3206 59.9882
10.000 0.011 0.4041 0.4002 0.4093 59.9968
31.623 0.001 0.7066 0.6893 0.7287 59.9975
0.010 1439.601 0.5163 0.5120 0.5204 59.9723
0.032 346.241 0.3275 0.3245 0.3298 59.9775
0.100 75.419 0.2840 0.2820 0.2865 59.9900
0.316 13.731 0.2866 0.2842 0.2888 59.9873
1.000 1.841 0.2950 0.2927 0.2974 59.9979
3.162 0.166 0.3166 0.3139 0.3191 59.9859
10.000 0.011 0.4158 0.4114 0.4207 59.9730
31.623 0.001 0.7229 0.7020 0.7420 59.9354
0.010 1439.601 0.5146 0.5110 0.5193 59.9718
0.032 346.241 0.3236 0.3207 0.3258 59.9804
0.100 75.419 0.2807 0.2787 0.2832 59.9861
0.316 13.731 0.2899 0.2874 0.2920 59.9899
1.000 1.841 0.2931 0.2910 0.2958 59.9868
3.162 0.166 0.3153 0.3125 0.3178 59.9950
10.000 0.011 0.4134 0.4093 0.4188 59.9892
31.623 0.001 0.7347 0.7124 0.7534 60.0214
0.010 1439.601 0.5074 0.5036 0.5117 59.9722
0.032 346.241 0.3209 0.3185 0.3236 59.9833
0.100 75.419 0.2788 0.2766 0.2810 59.9889
0.316 13.731 0.2858 0.2839 0.2885 59.9872
1.000 1.841 0.2905 0.2882 0.2929 59.9904
3.162 0.166 0.3113 0.3087 0.3138 59.9930
10.000 0.011 0.4195 0.4149 0.4242 59.9952
31.623 0.001 0.7270 0.7093 0.7500 59.9889
0.010 1439.601 0.5141 0.5101 0.5184 59.9706
0.032 346.241 0.3260 0.3230 0.3282 59.9829
0.100 75.419 0.2817 0.2796 0.2843 59.9898
0.316 13.731 0.2843 0.2820 0.2865 59.9882
1.000 1.841 0.2914 0.2887 0.2933 59.9937
3.162 0.166 0.3184 0.3155 0.3208 59.9914
10.000 0.011 0.4114 0.4067 0.4161 59.9832
31.623 0.001 0.7190 0.7013 0.7409 59.9838
0.010 1439.601 0.5100 0.5057 0.5140 59.9582
0.032 346.241 0.3248 0.3225 0.3277 59.9777
0.100 75.419 0.2815 0.2795 0.2841 59.9888
0.316 13.731 0.2829 0.2810 0.2855 59.9883
1.000 1.841 0.2934 0.2913 0.2960 59.9928
3.162 0.166 0.3190 0.3164 0.3217 59.9956
10.000 0.011 0.4177 0.4131 0.4224 59.9914
31.623 0.001 0.7253 0.7056 0.7474 59.9376
0.010 1439.601 0.5123 0.5084 0.5166 59.9703
0.032 346.241 0.3210 0.3187 0.3238 59.9785
0.100 75.419 0.2796 0.2772 0.2817 59.9856
0.316 13.731 0.2881 0.2861 0.2907 59.9939
1.000 1.841 0.2945 0.2923 0.2969 59.9922
3.162 0.166 0.3143 0.3112 0.3165 59.9860
10.000 0.011 0.4110 0.4062 0.4155 59.9859
31.623 0.001 0.7260 0.7065 0.7467 59.9947
0.010 1439.601 0.5170 0.5135 0.5218 59.9659
0.032 346.241 0.3225 0.3200 0.3251 59.9809
0.100 75.419 0.2781 0.2754 0.2800 59.9867
0.316 13.731 0.2873 0.2848 0.2894 59.9893
1.000 1.841 0.2914 0.2889 0.2935 59.9885
3.162 0.166 0.3128 0.3107 0.3159 59.9932
10.000 0.011 0.4187 0.4140 0.4237 59.9825
31.623 0.001 0.7431 0.7227 0.7631 59.9815
0.010 1439.601 0.5135 0.5095 0.5178 59.9714
0.032 346.241 0.3261 0.3234 0.3286 59.9803
0.100 75.419 0.2791 0.2767 0.2813 59.9826
0.316 13.731 0.2900 0.2873 0.2921 59.9878
1.000 1.841 0.2960 0.2936 0.2984 59.9905
3.162 0.166 0.3162 0.3129 0.3183 59.9897
10.000 0.011 0.4176 0.4127 0.4223 59.9888
31.623 0.001 0.7414 0.7241 0.7676 60.0012
0.010 1439.601 0.5124 0.5082 0.5163 59.9712
0.032 346.241 0.3190 0.3162 0.3212 59.9810
0.100 75.419 0.2804 0.2786 0.2831 59.9818
0.316 13.731 0.2840 0.2820 0.2865 59.9934
1.000 1.841 0.2924 0.2900 0.2948 59.9956
3.162 0.166 0.3109 0.3079 0.3132 59.9904
10.000 0.011 0.4154 0.4103 0.4197 59.9967
31.623 0.001 0.7178 0.6972 0.7384 59.9847
0.010 1439.601 0.5052 0.5011 0.5092 59.9716
0.032 346.241 0.3227 0.3205 0.3254 59.9789
0.100 75.419 0.2834 0.2810 0.2855 59.9876
0.316 13.731 0.2836 0.2814 0.2859 59.9957
1.000 1.841 0.2923 0.2901 0.2948 59.9901
3.162 0.166 0.3153 0.3126 0.3181 59.9936
10.000 0.011 0.4067 0.4026 0.4116 59.9793
31.623 0.001 0.7218 0.7011 0.7409 59.9939
0.010 1439.601 0.5131 0.5091 0.5174 59.9655
0.032 346.241 0.3283 0.3256 0.3309 59.9742
0.100 75.419 0.2814 0.2791 0.2836 59.9914
0.316 13.731 0.2832 0.2811 0.2857 59.9891
1.000 1.841 0.2902 0.2877 0.2924 59.9908
3.162 0.166 0.3155 0.3131 0.3183 59.9902
10.000 0.011 0.4095 0.4054 0.4146 59.9857
31.623 0.001 0.7089 0.6880 0.7282 59.9801
0.010 1439.601 0.5169 0.5132 0.5215 59.9755
0.032 346.241 0.3226 0.3199 0.3252 59.9776
0.100 75.419 0.2806 0.2781 0.2825 59.9849
0.316 13.731 0.2837 0.2814 0.2861 59.9892
1.000 1.841 0.2946 0.2924 0.2971 59.9916
3.162 0.166 0.3166 0.3141 0.3194 59.9902
10.000 0.011 0.4166 0.4106 0.4202 59.9804
31.623 0.001 0.7287 0.7070 0.7476 60.0526
0.010 1439.601 0.5137 0.5090 0.5172 59.9697
0.032 346.241 0.3245 0.3219 0.3271 59.9840
0.100 75.419 0.2815 0.2790 0.2835 59.9869
0.316 13.731 0.2839 0.2816 0.2861 59.9924
1.000 1.841 0.2952 0.2931 0.2979 59.9946
3.162 0.166 0.3198 0.3171 0.3224 59.9931
10.000 0.011 0.4192 0.4146 0.4241 59.9913
31.623 0.001 0.7176 0.6988 0.7400 60.0259
0.010 1439.601 0.5097 0.5050 0.5133 59.9681
0.032 346.241 0.3256 0.3234 0.3286 59.9881
0.100 75.419 0.2828 0.2804 0.2850 59.9860
0.316 13.731 0.2837 0.2813 0.2859 59.9890
1.000 1.841 0.2928 0.2902 0.2949 59.9956
3.162 0.166 0.3136 0.3110 0.3163 59.9884
10.000 0.011 0.4116 0.4070 0.4166 60.0004
31.623 0.001 0.7227 0.7023 0.7424 59.9726
0.010 1439.601 0.5160 0.5112 0.5195 59.9667
0.032 346.241 0.3226 0.3200 0.3252 59.9889
0.100 75.419 0.2786 0.2762 0.2806 59.9879
0.316 13.731 0.2840 0.2821 0.2867 59.9914
1.000 1.841 0.2903 0.2879 0.2926 59.9988
3.162 0.166 0.3126 0.3096 0.3148 59.9944
10.000 0.011 0.4121 0.4069 0.4163 59.9991
31.623 0.001 0.7272 0.7092 0.7499 59.9339
0.010 1439.601 0.5111 0.5073 0.5154 59.9661
0.032 346.241 0.3275 0.3250 0.3302 59.9707
0.100 75.419 0.2773 0.2749 0.2794 59.9849
0.316 13.731 0.2889 0.2869 0.2915 59.9871
1.000 1.841 0.2905 0.2880 0.2929 59.9919
3.162 0.166 0.3190 0.3162 0.3215 59.9967
10.000 0.011 0.4156 0.4119 0.4212 59.9918
31.623 0.001 0.7335 0.7123 0.7536 59.9635
0.010 1439.601 0.5214 0.5172 0.5255 59.9837
0.032 346.241 0.3286 0.3259 0.3312 59.9828
0.100 75.419 0.2814 0.2788 0.2833 59.9910
0.316 13.731 0.2848 0.2824 0.2870 59.9899
1.000 1.841 0.2878 0.2859 0.2905 59.9946
3.162 0.166 0.3156 0.3131 0.3183 59.9881
10.000 0.011 0.4114 0.4064 0.4157 59.9855
31.623 0.001 0.7023 0.6813 0.7206 60.0187
0.010 1439.601 0.5158 0.5115 0.5197 59.9629
0.032 346.241 0.3158 0.3130 0.3181 59.9734
0.100 75.419 0.2836 0.2809 0.2854 59.9836
0.316 13.731 0.2852 0.2825 0.2871 59.9869
1.000 1.841 0.2882 0.2860 0.2907 59.9933
3.162 0.166 0.3177 0.3146 0.3200 59.9921
10.000 0.011 0.4136 0.4087 0.4182 59.9845
31.623 0.001 0.6988 0.6810 0.7201 60.0230
0.010 1439.601 0.5123 0.5081 0.5162 59.9663
0.032 346.241 0.3282 0.3257 0.3309 59.9779
0.100 75.419 0.2810 0.2786 0.2831 59.9926
0.316 13.731 0.2818 0.2796 0.2840 59.9921
1.000 1.841 0.2920 0.2894 0.2940 59.9871
3.162 0.166 0.3146 0.3120 0.3174 59.9988
10.000 0.011 0.4160 0.4121 0.4217 59.9922
31.623 0.001 0.7205 0.7018 0.7419 59.9906
0.010 1439.601 0.5162 0.5120 0.5203 59.9695
0.032 346.241 0.3272 0.3248 0.3301 59.9826
0.100 75.419 0.2806 0.2779 0.2824 59.9877
0.316 13.731 0.2870 0.2850 0.2896 59.9929
1.000 1.841 0.2906 0.2882 0.2929 59.9890
3.162 0.166 0.3194 0.3161 0.3214 59.9839
10.000 0.011 0.4103 0.4052 0.4145 59.9949
31.623 0.001 0.7342 0.7108 0.7528 60.0175
0.010 1439.601 0.5141 0.5092 0.5177 59.9774
0.032 346.241 0.3285 0.3258 0.3310 59.9822
0.100 75.419 0.2835 0.2810 0.2856 59.9901
0.316 13.731 0.2831 0.2807 0.2853 59.9919
1.000 1.841 0.2907 0.2884 0.2931 59.9924
3.162 0.166 0.3162 0.3136 0.3189 59.9911
10.000 0.011 0.4132 0.4080 0.4175 59.9994
31.623 0.001 0.7372 0.7172 0.7594 59.9971
0.010 1439.601 0.5198 0.5154 0.5237 59.9661
0.032 346.241 0.3202 0.3179 0.3231 59.9826
0.100 75.419 0.2792 0.2771 0.2816 59.9827
0.316 13.731 0.2856 0.2834 0.2878 59.9868
1.000 1.841 0.2928 0.2906 0.2953 59.9934
3.162 0.166 0.3183 0.3158 0.3211 59.9939
10.000 0.011 0.4110 0.4064 0.4156 59.9961
31.623 0.001 0.7016 0.6809 0.7214 60.0007
0.010 1439.601 0.5208 0.5170 0.5254 59.9686
0.032 346.241 0.3252 0.3228 0.3281 59.9844
0.100 75.419 0.2775 0.2754 0.2798 59.9867
0.316 13.731 0.2863 0.2844 0.2890 59.9880
1.000 1.841 0.2950 0.2924 0.2973 59.9966
3.162 0.166 0.3168 0.3143 0.3197 59.9924
10.000 0.011 0.4088 0.4045 0.4138 59.9971
31.623 0.001 0.7310 0.7109 0.7515 59.9593
0.010 1439.601 0.5162 0.5114 0.5198 59.9699
0.032 346.241 0.3239 0.3211 0.3263 59.9807
0.100 75.419 0.2833 0.2809 0.2854 59.9903
0.316 13.731 0.2858 0.2834 0.2879 59.9945
1.000 1.841 0.2932 0.2910 0.2956 59.9933
3.162 0.166 0.3169 0.3141 0.3194 59.9911
10.000 0.011 0.4168 0.4118 0.4212 59.9855
31.623 0.001 0.7324 0.7132 0.7539 59.9912
0.010 1439.601 0.5158 0.5118 0.5201 59.9684
0.032 346.241 0.3273 0.3249 0.3300 59.9839
0.100 75.419 0.2795 0.2772 0.2816 59.9827
0.316 13.731 0.2836 0.2813 0.2858 59.9860
1.000 1.841 0.2918 0.2896 0.2943 59.9894
3.162 0.166 0.3143 0.3115 0.3169 59.9961
10.000 0.011 0.4103 0.4056 0.4151 59.9940
31.623 0.001 0.7229 0.7013 0.7410 60.0256
0.010 1439.601 0.5141 0.5102 0.5184 59.9756
0.032 346.241 0.3230 0.3209 0.3260 59.9791
0.100 75.419 0.2821 0.2795 0.2841 59.9905
0.316 13.731 0.2871 0.2851 0.2897 59.9876
1.000 1.841 0.2909 0.2883 0.2930 59.9925
3.162 0.166 0.3188 0.3155 0.3208 59.9919
10.000 0.011 0.4096 0.4045 0.4137 59.9895
31.623 0.001 0.7272 0.7030 0.7431 60.0513
0.010 1439.601 0.5164 0.5122 0.5207 59.9651
0.032 346.241 0.3284 0.3258 0.3310 59.9779
0.100 75.419 0.2830 0.2809 0.2855 59.9857
0.316 13.731 0.2835 0.2813 0.2859 59.9933
1.000 1.841 0.2907 0.2885 0.2932 59.9895
3.162 0.166 0.3197 0.3169 0.3224 59.9928
10.000 0.011 0.4078 0.4040 0.4131 59.9811
31.623 0.001 0.7445 0.7223 0.7640 59.9430
0.010 1439.601 0.5153 0.5119 0.5201 59.9728
0.032 346.241 0.3268 0.3241 0.3294 59.9829
0.100 75.419 0.2787 0.2768 0.2812 59.9927
0.316 13.731 0.2825 0.2805 0.2851 59.9859
1.000 1.841 0.2913 0.2888 0.2936 59.9932
3.162 0.166 0.3216 0.3189 0.3242 59.9928
10.000 0.011 0.4179 0.4142 0.4236 59.9855
31.623 0.001 0.7112 0.6941 0.7340 60.0191
0.010 1439.601 0.5122 0.5084 0.5166 59.9741
0.032 346.241 0.3215 0.3188 0.3239 59.9776
0.100 75.419 0.2852 0.2828 0.2873 59.9893
0.316 13.731 0.2864 0.2840 0.2887 59.9844
1.000 1.841 0.2927 0.2901 0.2949 59.9904
3.162 0.166 0.3161 0.3137 0.3189 59.9900
10.000 0.011 0.4093 0.4050 0.4145 59.9979
31.623 0.001 0.7194 0.7009 0.7427 60.0048
0.010 1439.601 0.5146 0.5109 0.5191 59.9713
0.032 346.241 0.3291 0.3262 0.3316 59.9861
0.100 75.419 0.2812 0.2792 0.2838 59.9894
0.316 13.731 0.2834 0.2811 0.2856 59.9920
1.000 1.841 0.2940 0.2914 0.2961 59.9849
3.162 0.166 0.3178 0.3150 0.3202 59.9967
10.000 0.011 0.4129 0.4078 0.4171 59.9955
31.623 0.001 0.7470 0.7265 0.7683 59.9924
0.010 1439.601 0.5082 0.5046 0.5127 59.9767
0.032 346.241 0.3228 0.3204 0.3256 59.9839
0.100 75.419 0.2775 0.2748 0.2792 59.9908
0.316 13.731 0.2866 0.2844 0.2889 59.9886
1.000 1.841 0.2934 0.2909 0.2958 59.9943
3.162 0.166 0.3175 0.3147 0.3200 59.9947
10.000 0.011 0.4190 0.4135 0.4229 59.9856
31.623 0.001 0.7124 0.6934 0.7334 59.9806
0.010 1439.601 0.5101 0.5057 0.5137 59.9662
0.032 346.241 0.3259 0.3230 0.3282 59.9809
0.100 75.419 0.2823 0.2808 0.2853 59.9841
0.316 13.731 0.2864 0.2841 0.2888 59.9875
1.000 1.841 0.2950 0.2928 0.2977 59.9927
3.162 0.166 0.3158 0.3133 0.3185 59.9910
10.000 0.011 0.4069 0.4026 0.4118 59.9850
31.623 0.001 0.7224 0.6983 0.7372 59.9615
0.010 1439.601 0.5178 0.5140 0.5223 59.9726
0.032 346.241 0.3289 0.3264 0.3316 59.9816
0.100 75.419 0.2750 0.2730 0.2774 59.9858
0.316 13.731 0.2901 0.2880 0.2927 59.9930
1.000 1.841 0.2896 0.2875 0.2922 59.9894
3.162 0.166 0.3214 0.3184 0.3238 59.9917
10.000 0.011 0.4127 0.4085 0.4178 59.9765
31.623 0.001 0.7348 0.7149 0.7580 59.9495
0.010 1439.601 0.5145 0.5105 0.5188 59.9690
0.032 346.241 0.3260 0.3238 0.3291 59.9793
0.100 75.419 0.2838 0.2817 0.2863 59.9870
0.316 13.731 0.2854 0.2832 0.2878 59.9918
1.000 1.841 0.2892 0.2872 0.2919 59.9907
3.162 0.166 0.3171 0.3144 0.3198 59.9927
10.000 0.011 0.4138 0.4089 0.4181 59.9901
31.623 0.001 0.7163 0.6967 0.7361 59.9573
0.010 1439.601 0.5132 0.5104 0.5188 59.9679
0.032 346.241 0.3235 0.3211 0.3262 59.9904
0.100 75.419 0.2799 0.2778 0.2825 59.9912
0.316 13.731 0.2832 0.2808 0.2853 59.9909
1.000 1.841 0.2924 0.2903 0.2950 59.9824
3.162 0.166 0.3131 0.3108 0.3160 59.9904
10.000 0.011 0.4144 0.4100 0.4193 60.0086
31.623 0.001 0.7241 0.7060 0.7488 59.9858
0.010 1439.601 0.5191 0.5140 0.5226 59.9675
0.032 346.241 0.3224 0.3198 0.3250 59.9822
0.100 75.419 0.2824 0.2803 0.2849 59.9875
0.316 13.731 0.2846 0.2827 0.2873 59.9905
1.000 1.841 0.2911 0.2886 0.2933 59.9904
3.162 0.166 0.3181 0.3154 0.3209 59.9943
10.000 0.011 0.4197 0.4157 0.4251 59.9866
31.623 0.001 0.7363 0.7175 0.7591 59.9254
0.010 1439.601 0.5115 0.5071 0.5153 59.9716
0.032 346.241 0.3245 0.3221 0.3274 59.9754
0.100 75.419 0.2794 0.2770 0.2815 59.9856
0.316 13.731 0.2861 0.2835 0.2880 59.9903
1.000 1.841 0.2925 0.2903 0.2950 59.9975
3.162 0.166 0.3168 0.3137 0.3192 59.9935
10.000 0.011 0.4158 0.4106 0.4201 59.9888
31.623 0.001 0.7211 0.6997 0.7397 59.9580
0.010 1439.601 0.5206 0.5168 0.5252 59.9716
0.032 346.241 0.3247 0.3218 0.3270 59.9793
0.100 75.419 0.2770 0.2750 0.2795 59.9889
0.316 13.731 0.2859 0.2835 0.2881 59.9914
1.000 1.841 0.2881 0.2858 0.2904 59.9957
3.162 0.166 0.3196 0.3172 0.3226 59.9891
10.000 0.011 0.4137 0.4083 0.4177 59.9936
31.623 0.001 0.7323 0.7118 0.7537 59.9913
0.010 1439.601 0.5138 0.5098 0.5181 59.9760
0.032 346.241 0.3264 0.3240 0.3292 59.9770
0.100 75.419 0.2839 0.2813 0.2859 59.9860
0.316 13.731 0.2894 0.2870 0.2916 59.9929
1.000 1.841 0.2897 0.2875 0.2921 59.9908
3.162 0.166 0.3140 0.3114 0.3166 59.9904
10.000 0.011 0.4091 0.4048 0.4141 59.9953
31.623 0.001 0.7078 0.6866 0.7254 60.0061
0.010 1439.601 0.5165 0.5124 0.5207 59.9652
0.032 346.241 0.3253 0.3222 0.3274 59.9826
0.100 75.419 0.2828 0.2807 0.2852 59.9924
0.316 13.731 0.2864 0.2839 0.2885 59.9949
1.000 1.841 0.2942 0.2919 0.2966 59.9903
3.162 0.166 0.3164 0.3139 0.3192 59.9976
10.000 0.011 0.4220 0.4173 0.4267 59.9913
31.623 0.001 0.7462 0.7251 0.7668 60.0144
0.010 1439.601 0.5128 0.5090 0.5173 59.9764
0.032 346.241 0.3257 0.3229 0.3281 59.9824
0.100 75.419 0.2819 0.2801 0.2847 59.9837
0.316 13.731 0.2835 0.2814 0.2859 59.9911
1.000 1.841 0.2916 0.2896 0.2943 59.9939
3.162 0.166 0.3157 0.3129 0.3182 59.9950
10.000 0.011 0.4148 0.4098 0.4190 59.9968
31.623 0.001 0.7228 0.7027 0.7441 59.9938
