#RA        DEC       MAG_G     MAG_I     ANGSEP    RPROJ     SNR       VTRUE     VSTAT     VSYS      VMEAS     VMEASERR  VSYSERR   VERR     
54.08811  -53.99454 23.21561  22.88381  0.05208   0.02874   8.22852   50.93396  -1.06352  -1.92777  47.94268  2.52124   2.00000   3.21817  
54.07089  -54.05657 21.88737  21.67607  0.07024   0.03877   23.53861  58.85450  -0.03468  0.66372   59.48354  0.71427   2.00000   2.12372  
54.26435  -53.70039 20.96721  20.70716  0.33776   0.18642   49.05989  52.44416  0.06863   -2.01011  50.50268  0.29589   2.00000   2.02177  
54.10689  -53.99184 23.25545  22.91841  0.06336   0.03497   7.94404   64.38921  0.94731   -1.02519  64.31133  2.62997   2.00000   3.30405  
53.84445  -53.99419 23.78711  23.37143  0.09162   0.05057   5.39395   59.34007  6.67306   3.06135   69.07448  4.18515   2.00000   4.63848  
54.11759  -54.01897 23.13085  22.80973  0.07166   0.03955   8.83765   53.58317  1.40249   -0.02898  54.95669  2.31417   2.00000   3.05866  
54.13943  -54.08064 23.39599  23.03915  0.11492   0.06343   7.07516   53.72687  1.17269   -3.21136  51.68820  3.02215   2.00000   3.62401  
53.90194  -53.89728 23.58440  23.20067  0.11782   0.06503   6.25793   60.76467  -1.49060  0.18293   59.45700  3.50173   2.00000   4.03263  
54.24105  -53.91619 21.16448  20.95217  0.16474   0.09092   39.76217  57.62365  -0.01400  1.44227   59.05192  0.38075   2.00000   2.03592  
53.72515  -53.98334 22.83171  22.54469  0.16244   0.08966   11.01677  61.51621  -0.23520  0.03942   61.32043  1.77638   2.00000   2.67498  
54.07219  -53.93565 23.32009  22.97395  0.07710   0.04255   7.48743   57.44029  -0.20211  0.50668   57.74486  2.82358   2.00000   3.46015  
54.00828  -54.05446 22.90160  22.60692  0.05468   0.03018   10.50507  60.89714  -0.55346  1.80499   62.14867  1.88071   2.00000   2.74537  
54.05528  -53.84649 22.08813  21.86486  0.15692   0.08661   19.95659  63.63489  -0.54135  -0.21952  62.87401  0.87076   2.00000   2.18133  
53.86773  -53.92950 22.21881  21.98572  0.10500   0.05795   17.66352  52.91231  -1.00313  -2.97245  48.93673  1.00811   2.00000   2.23971  
54.13838  -53.94632 23.32776  22.98054  0.09750   0.05381   7.43324   58.71333  6.80454   -5.12163  60.39624  2.84830   2.00000   3.48035  
54.14716  -53.99812 21.94979  21.73468  0.08652   0.04775   22.42663  59.58471  1.21187   -0.71539  60.08119  0.75698   2.00000   2.13846  
53.65606  -53.93882 21.40382  21.20645  0.21136   0.11666   33.37745  63.88702  -0.02606  -2.98542  60.87555  0.46974   2.00000   2.05442  
53.73583  -53.97065 23.49462  23.12378  0.15808   0.08725   6.64693   63.33713  -2.57854  2.36629   63.12488  3.25728   2.00000   3.82228  
53.90305  -54.12004 23.72518  23.31906  0.13284   0.07332   5.65889   70.24511  -4.74745  -0.35962  65.13804  3.95114   2.00000   4.42849  
53.85256  -53.95481 23.00729  22.70099  0.09778   0.05397   9.73164   61.09018  -1.79399  -0.72441  58.57177  2.06147   2.00000   2.87222  
54.16066  -53.90989 23.80980  23.39061  0.13060   0.07208   5.29690   58.03424  -2.68720  1.61184   56.95887  4.27734   2.00000   4.72183  
54.10762  -53.89687 22.05571  21.83414  0.12102   0.06679   20.53954  60.72358  0.59431   1.22378   62.54166  0.84118   2.00000   2.16970  
54.07510  -54.11573 21.37313  21.17509  0.12384   0.06835   34.07150  69.47594  0.00104   -3.32308  66.15390  0.45828   2.00000   2.05183  
54.02840  -53.95964 23.46566  23.09894  0.04368   0.02411   6.77265   66.54364  -0.47159  -0.05018  66.02188  3.18485   2.00000   3.76076  
53.94229  -53.93409 21.52827  21.33272  0.07414   0.04092   30.58235  66.00569  0.09201   0.83514   66.93285  0.52172   2.00000   2.06693  
54.10384  -53.92662 23.61188  23.22408  0.09548   0.05270   6.13946   63.88592  2.62124   1.30302   67.81017  3.58297   2.00000   4.10338  
54.02939  -53.97815 23.07335  22.75919  0.02786   0.01538   9.25316   50.65391  1.16482   1.45192   53.27065  2.19004   2.00000   2.96585  
54.05163  -53.98907 23.49045  23.12021  0.03226   0.01781   6.66504   64.71657  -4.30048  -2.80474  57.61136  3.24666   2.00000   3.81324  
53.99694  -54.07456 23.33852  22.98978  0.07458   0.04116   7.35724   59.66926  4.69277   1.63486   65.99688  2.88365   2.00000   3.50933  
54.11435  -54.06930 23.35341  23.00258  0.09650   0.05326   7.26020   51.36061  -2.23235  2.14085   51.26911  2.92996   2.00000   3.54749  
53.96202  -54.00401 22.64020  22.37164  0.02268   0.01252   12.92671  54.01361  -0.73937  0.31241   53.58665  1.46627   2.00000   2.47991  
54.06063  -54.10849 23.21308  22.88160  0.11418   0.06302   8.24674   64.10962  3.21066   -0.74660  66.57368  2.51456   2.00000   3.21294  
54.20368  -54.05733 23.61981  23.23072  0.13266   0.07322   6.10589   46.59720  -2.61103  -2.07751  41.90866  3.60663   2.00000   4.12405  
53.93598  -53.91451 23.49152  23.12113  0.09342   0.05156   6.66038   63.21430  -2.95073  0.93124   61.19481  3.24939   2.00000   3.81556  
54.18777  -54.11091 22.50836  22.25288  0.15636   0.08630   14.35376  62.65905  0.45928   0.93666   64.05498  1.29313   2.00000   2.38163  
53.99732  -54.00059 23.87881  23.44789  0.00168   0.00093   5.00710   60.18509  2.17346   0.69395   63.05250  4.57611   2.00000   4.99408  
53.98710  -54.02429 23.69951  23.29740  0.02544   0.01404   5.76848   52.27248  0.94550   -3.86184  49.35614  3.86123   2.00000   4.34846  
53.93146  -54.09765 23.80966  23.39049  0.10562   0.05829   5.29748   66.04402  8.10346   -0.39992  73.74756  4.27677   2.00000   4.72131  
53.84650  -54.23835 22.15763  21.92865  0.25476   0.14061   18.74636  56.31526  -1.90519  -0.70974  53.70034  0.93864   2.00000   2.20931  
54.04716  -53.97109 23.23984  22.90499  0.04006   0.02211   8.05444   53.67239  -1.76130  1.49942   53.41051  2.58677   2.00000   3.26977  
53.86086  -54.03508 22.13161  21.90459  0.08896   0.04910   19.20275  56.45910  1.09729   1.37791   58.93429  0.91194   2.00000   2.19810  
54.90830  -53.99954 22.84976  22.56076  0.53389   0.29467   10.88460  68.43854  0.55729   -2.85775  66.13807  1.80229   2.00000   2.69226  
53.91705  -53.96561 22.30865  22.06916  0.05968   0.03294   16.56143  54.89385  1.15957   -5.13805  50.91536  1.08914   2.00000   2.27733  
54.00615  -53.89212 21.02889  20.78898  0.10794   0.05958   45.95495  58.37888  0.08586   -1.57419  56.89056  0.32004   2.00000   2.02544  
54.02025  -54.12954 23.03516  22.72555  0.13008   0.07179   9.52978   58.08948  -0.85982  1.18567   58.41532  2.11398   2.00000   2.91014  
53.82734  -53.79900 22.61042  22.34489  0.22528   0.12434   13.24807  64.40568  -0.10726  0.29259   64.59101  1.42370   2.00000   2.45498  
53.98600  -54.08480 23.78828  23.37242  0.08520   0.04702   5.38894   66.69820  0.73784   -3.94255  63.49350  4.18983   2.00000   4.64270  
54.11111  -53.86331 22.53198  22.27447  0.15154   0.08364   14.09435  66.11179  -1.05337  2.01218   67.07059  1.32174   2.00000   2.39729  
54.10935  -53.87195 22.97965  22.67654  0.14332   0.07910   9.93267   59.03379  0.63712   2.40124   62.07215  2.01150   2.00000   2.83657  
53.87413  -53.91955 22.28468  22.04707  0.10934   0.06035   16.82689  62.30082  0.43081   2.68618   65.41781  1.06855   2.00000   2.26755  
53.58184  -54.28883 22.08832  21.86504  0.37870   0.20902   19.95330  51.67575  0.70863   0.74027   53.12465  0.87093   2.00000   2.18140  
53.99136  -54.03948 22.97569  22.67301  0.03980   0.02197   9.96175   55.72890  3.92158   -1.72176  57.92872  2.00446   2.00000   2.83158  
54.33118  -54.04850 23.81921  23.39857  0.20050   0.11066   5.25663   61.69801  -6.88891  1.99457   56.80366  4.31669   2.00000   4.75750  
54.04566  -53.96801 21.39277  21.19515  0.04176   0.02305   33.62741  59.85276  -0.06039  2.27422   62.06659  0.46555   2.00000   2.05347  
54.10173  -54.05152 23.66169  23.26576  0.07890   0.04355   5.92857   63.47425  -0.77253  0.96054   63.66226  3.73646   2.00000   4.23806  
54.04344  -54.02991 22.83700  22.54940  0.03932   0.02170   10.97803  57.79488  0.52214   0.36581   58.68282  1.78390   2.00000   2.67998  
54.10130  -53.85665 22.32440  22.08367  0.15526   0.08569   16.38714  62.14761  -0.83133  0.43713   61.75341  1.10305   2.00000   2.28402  
53.99849  -54.15936 23.48788  23.11800  0.15936   0.08796   6.67618   56.81483  0.36648   2.20147   59.38279  3.24016   2.00000   3.80771  
53.51421  -53.89151 23.87032  23.44089  0.30580   0.16878   5.04251   59.05020  -1.71837  2.78042   60.11226  4.53757   2.00000   4.95879  
54.04172  -54.03661 17.99684  17.96559  0.04406   0.02432   242.61174 57.75567  -0.02432  -1.86507  55.86628  0.04346   2.00000   2.00047  
54.28022  -53.94397 23.30499  22.96098  0.17408   0.09608   7.59406   55.81722  1.90799   0.89295   58.61816  2.77608   2.00000   3.42149  
54.31425  -54.03253 20.37609  19.95360  0.18748   0.10348   81.99158  64.02915  0.10688   -7.00152  57.13450  0.15976   2.00000   2.00637  
53.99901  -54.08846 22.77140  22.49057  0.08846   0.04882   11.49756  54.89714  -4.55149  -1.84936  48.49629  1.68761   2.00000   2.61688  
54.61693  -54.13957 23.28055  22.93998  0.38798   0.21414   7.76669   60.41800  -1.50144  0.23622   59.15278  2.70220   2.00000   3.36182  
53.97453  -53.95251 20.85680  20.54073  0.04980   0.02749   55.37530  66.99309  0.04158   1.62697   68.66164  0.25587   2.00000   2.01630  
53.86981  -54.26125 23.64776  23.25410  0.27216   0.15021   5.98757   69.95968  2.54825   -1.30481  71.20312  3.69232   2.00000   4.19920  
53.92246  -54.01423 23.39601  23.03916  0.04774   0.02635   7.07509   55.20550  -0.75375  -2.64147  51.81028  3.02219   2.00000   3.62404  
54.05197  -53.97563 22.30738  22.06798  0.03908   0.02157   16.57559  51.97805  -1.11600  -2.38180  48.48025  1.08802   2.00000   2.27679  
54.07238  -54.31135 23.35367  23.00280  0.31422   0.17343   7.25907   73.05532  1.13448   -1.18884  73.00096  2.93051   2.00000   3.54794  
54.23766  -54.01451 23.34479  22.99517  0.14042   0.07750   7.31295   51.71603  -3.49582  -1.04222  47.17799  2.90461   2.00000   3.52658  
54.18241  -54.17634 23.22564  22.89258  0.20626   0.11384   8.15645   54.94836  -5.31265  1.46788   51.10359  2.54800   2.00000   3.23918  
53.69200  -53.85784 23.68472  23.28503  0.23042   0.12718   5.83109   59.83214  2.87631   2.15093   64.85938  3.81154   2.00000   4.30440  
54.16763  -54.08338 22.53655  22.27858  0.12900   0.07120   14.04496  54.99058  0.30834   3.49492   58.79385  1.32732   2.00000   2.40037  
54.04189  -53.98879 23.18240  22.85478  0.02706   0.01494   8.46722   56.36079  -2.61938  -1.24036  52.50104  2.43619   2.00000   3.15199  
54.00862  -53.97640 22.84340  22.55510  0.02414   0.01332   10.93113  53.97829  -0.44335  1.38884   54.92378  1.79309   2.00000   2.68611  
54.10900  -54.08288 20.99918  20.75052  0.10472   0.05780   47.41431  60.39909  -0.34932  -3.88351  56.16626  0.30825   2.00000   2.02362  
54.14087  -53.99823 19.94041  19.49451  0.08282   0.04571   111.02708 61.50214  -0.08077  1.36044   62.78182  0.11104   2.00000   2.00308  
53.84956  -54.11357 23.07659  22.76204  0.14386   0.07940   9.22971   57.32401  -2.07184  3.85626   59.10844  2.19672   2.00000   2.97079  
54.00693  -53.99527 20.88405  20.58307  0.00624   0.00344   53.76860  50.87926  -0.04800  -2.91969  47.91158  0.26507   2.00000   2.01749  
54.16819  -54.00416 21.09335  20.86889  0.09894   0.05461   42.92256  61.03369  0.40871   1.09174   62.53413  0.34736   2.00000   2.02994  
55.14985  -53.91013 23.02268  22.71455  0.68253   0.37672   9.62015   48.20918  -1.46404  -1.99169  44.75346  2.09017   2.00000   2.89289  
54.11396  -54.19575 22.87336  22.58178  0.20684   0.11416   10.71184  61.81683  -0.03603  0.30194   62.08274  1.83723   2.00000   2.71577  
53.99056  -53.96382 23.50532  23.13297  0.03660   0.02020   6.60047   55.42044  0.53776   -1.05288  54.90531  3.28481   2.00000   3.84577  
54.09293  -53.98934 20.33869  19.91377  0.05566   0.03072   84.51060  60.22247  0.19786   1.59550   62.01583  0.15407   2.00000   2.00593  
54.51208  -54.17329 23.68854  23.28823  0.34676   0.19139   5.81490   58.98385  -6.69371  3.27695   55.56709  3.82428   2.00000   4.31568  
54.17188  -54.13945 22.78332  22.50139  0.17210   0.09499   11.37275  64.42177  -0.05608  -4.84085  59.52484  1.70986   2.00000   2.63128  
53.69534  -53.97954 21.82994  21.62186  0.18028   0.09950   24.56727  53.53941  0.29864   -2.18620  51.65185  0.67853   2.00000   2.11197  
54.09450  -54.09496 23.68225  23.28296  0.10998   0.06070   5.84156   54.44518  0.24691   -2.44514  52.24695  3.80334   2.00000   4.29714  
53.77833  -54.14478 22.56117  22.30067  0.19462   0.10742   13.77943  54.23576  -0.08107  -2.05522  52.09947  1.35807   2.00000   2.41751  
54.01365  -54.18753 23.86762  23.43867  0.18770   0.10360   5.05375   62.95354  5.71519   -0.04441  68.62432  4.52547   2.00000   4.94771  
53.27635  -54.12920 22.48832  22.23446  0.44391   0.24501   14.57508  65.45580  -1.14505  -1.58413  62.72661  1.26960   2.00000   2.36894  
54.00278  -53.65164 23.24166  22.90656  0.34836   0.19227   8.04146   56.93184  2.74395   -3.06328  56.61251  2.59178   2.00000   3.27373  
54.01371  -53.98301 23.47330  23.10549  0.01880   0.01038   6.73947   57.99867  -7.99728  -1.00605  48.99534  3.20368   2.00000   3.77671  
54.04871  -54.06825 22.42183  22.17338  0.07400   0.04084   15.30909  59.71965  -1.60981  1.11752   59.22735  1.19691   2.00000   2.33079  
54.18886  -54.14380 23.29021  22.94828  0.18154   0.10020   7.69845   56.45843  3.82090   -0.22473  60.05461  2.73096   2.00000   3.38499  
54.16999  -54.33358 21.22938  21.02386  0.34810   0.19213   37.41908  48.66819  0.29388   -0.45533  48.50674  0.40953   2.00000   2.04150  
54.13896  -53.99916 22.22542  21.99189  0.08168   0.04508   17.54647  58.32397  0.17506   -1.80740  56.69162  1.01618   2.00000   2.24335  
53.97918  -53.99971 22.84501  22.55653  0.01224   0.00676   10.91940  53.55171  0.07964   4.49545   58.12681  1.79540   2.00000   2.68765  
54.01803  -53.90622 23.62767  23.23729  0.09438   0.05209   6.07262   57.39901  -0.40547  -0.65508  56.33846  3.63035   2.00000   4.14481  
54.13429  -53.95630 21.53791  21.34199  0.09026   0.04982   30.37714  49.78301  0.37712   -0.01322  50.14691  0.52595   2.00000   2.06800  
53.97149  -53.96132 23.25533  22.91831  0.04216   0.02327   7.94488   74.19405  2.25638   1.68405   78.13448  2.62963   2.00000   3.30378  
54.17313  -54.03248 22.43834  22.18855  0.10678   0.05893   15.12676  65.68219  0.56770   0.27802   66.52791  1.21424   2.00000   2.33974  
52.41818  -54.55530 22.59679  22.33266  1.07761   0.59482   13.39510  62.35203  1.25458   0.47508   64.08170  1.40496   2.00000   2.44416  
54.06896  -53.98965 23.14765  22.82441  0.04184   0.02309   8.71692   55.64533  1.05950   0.58528   57.29010  2.35269   2.00000   3.08790  
53.94602  -54.00096 23.62107  23.23177  0.03174   0.01752   6.10055   58.27906  -2.35497  1.29789   57.22197  3.61042   2.00000   4.12736  
54.30478  -53.99118 23.24782  22.91186  0.17938   0.09901   7.99791   71.10734  -1.91792  -1.82762  67.36180  2.60872   2.00000   3.28716  
54.04222  -54.00524 23.39712  23.04012  0.02536   0.01400   7.07026   53.45307  1.01651   -1.37079  53.09878  3.02466   2.00000   3.62610  
54.01863  -53.92955 23.08440  22.76893  0.07130   0.03935   9.17310   68.81330  0.26384   -0.67411  68.40304  2.21300   2.00000   2.98284  
53.99811  -54.05517 22.06300  21.84107  0.05518   0.03046   20.40794  63.39666  -0.57060  0.15904   62.98510  0.84770   2.00000   2.17223  
53.81958  -54.08166 22.13986  21.91213  0.13376   0.07383   19.05965  56.36128  0.77517   -0.02847  57.10799  0.92016   2.00000   2.20152  
54.01487  -53.98725 23.55998  23.17977  0.01546   0.00853   6.36364   60.97458  -3.49379  2.69381   60.17461  3.43205   2.00000   3.97227  
54.33253  -53.81494 22.85896  22.56896  0.26948   0.14873   10.81722  62.63640  0.59370   4.56419   67.79429  1.81577   2.00000   2.70130  
54.07829  -54.02019 23.44255  23.07910  0.05024   0.02773   6.87301   63.52505  0.74384   0.82899   65.09788  3.12913   2.00000   3.71368  
54.02952  -54.05495 17.98592  18.01250  0.05762   0.03180   235.98500 62.55815  0.02151   -2.30358  60.27609  0.04493   2.00000   2.00050  
53.77075  -54.11545 22.89996  22.60547  0.17730   0.09786   10.51703  56.61894  -0.11326  -1.86335  54.64232  1.87814   2.00000   2.74361  
54.00354  -53.91713 22.00962  21.79077  0.08290   0.04575   21.36233  64.84852  1.18748   -0.80531  65.23069  0.80246   2.00000   2.15498  
53.99723  -54.09573 21.56634  21.36931  0.09574   0.05284   29.77232  59.79132  0.64549   2.84227   63.27907  0.53880   2.00000   2.07130  
54.07931  -54.00916 22.72689  22.45013  0.04750   0.02622   11.98352  63.73360  -2.34514  -0.34696  61.04150  1.60583   2.00000   2.56489  
54.81220  -53.80829 23.46020  23.09425  0.51547   0.28450   6.79638   66.17596  3.89077   -3.66652  66.40021  3.17152   2.00000   3.74947  
53.76644  -54.06520 23.20462  22.87421  0.15188   0.08383   8.30750   56.30771  -2.20410  -3.40147  50.70214  2.49250   2.00000   3.19571  
53.99352  -53.99655 22.24838  22.01330  0.00514   0.00284   17.23273  61.96431  1.26948   -2.92906  60.30473  1.03843   2.00000   2.25351  
53.83077  -53.94974 21.82819  21.62021  0.11150   0.06154   24.59853  53.31181  -0.17948  0.59025   53.72259  0.67750   2.00000   2.11164  
54.01345  -54.04204 23.29084  22.94882  0.04278   0.02361   7.69404   54.69629  -0.47300  -1.03347  53.18981  2.73284   2.00000   3.38651  
54.00799  -54.04437 23.80885  23.38981  0.04462   0.02463   5.30096   58.63118  -3.02197  3.62869   59.23790  4.27341   2.00000   4.71826  
54.31896  -53.98906 19.16238  18.68205  0.18782   0.10366   172.46580 60.59997  0.01197   1.41804   62.02998  0.06546   2.00000   2.00107  
53.98211  -54.12719 23.09273  22.77627  0.12762   0.07044   9.11277   57.58238  -1.29954  2.00742   58.29027  2.23059   2.00000   2.99592  
54.40217  -54.31789 21.10494  20.88297  0.39561   0.21835   42.38821  70.39781  0.03760   -1.16719  69.26822  0.35262   2.00000   2.03085  
54.10366  -53.91734 22.47918  22.22607  0.10272   0.05669   14.67592  64.03633  0.59358   -0.59737  64.03253  1.25914   2.00000   2.36335  
54.36057  -54.29048 22.53275  22.27517  0.35914   0.19822   14.08596  55.44249  1.30626   1.36329   58.11204  1.32268   2.00000   2.39781  
53.93927  -54.08010 23.62318  23.23354  0.08768   0.04839   6.09163   66.01115  7.89406   0.76301   74.66822  3.61676   2.00000   4.13291  
54.04420  -53.91729 22.09976  21.87549  0.08670   0.04785   19.75490  57.87192  -1.14255  -2.91528  53.81409  0.88143   2.00000   2.18562  
54.05216  -54.02418 21.91669  21.70365  0.03904   0.02155   23.01536  61.87682  -0.65907  -1.67126  59.54649  0.73380   2.00000   2.13037  
54.08399  -53.94732 19.84459  19.39518  0.07222   0.03986   117.30903 55.02828  -0.04238  4.72278   59.70867  0.10394   2.00000   2.00270  
54.07100  -54.17771 23.69834  23.29643  0.18252   0.10074   5.77341   61.13244  1.85924   3.03718   66.02886  3.85728   2.00000   4.34496  
53.55586  -53.85324 22.43116  22.18195  0.29988   0.16551   15.20607  68.63224  0.19348   -2.57205  66.25367  1.20665   2.00000   2.33581  
54.06833  -54.00280 18.96401  18.47274  0.04026   0.02222   192.32270 55.87519  0.03467   0.44427   56.35413  0.05743   2.00000   2.00082  
54.11204  -54.01486 23.82692  23.40509  0.06750   0.03726   5.22365   52.90985  3.73135   2.62374   59.26494  4.34942   2.00000   4.78722  
53.89049  -53.89222 22.70762  22.43262  0.12558   0.06931   12.19386  46.19876  -0.63401  -2.00483  43.55992  1.57264   2.00000   2.54425  
54.20913  -54.23815 23.28377  22.94275  0.26784   0.14783   7.74396   53.65079  -4.14312  -3.14267  46.36501  2.71172   2.00000   3.36948  
53.55824  -54.37817 23.50154  23.12973  0.45807   0.25282   6.61687   57.99512  0.56053   -1.20642  57.34922  3.27504   2.00000   3.83744  
54.06833  -53.95779 21.16864  20.95687  0.05828   0.03217   39.58406  55.05535  0.19566   -2.00348  53.24753  0.38280   2.00000   2.03631  
54.36325  -54.38065 23.80706  23.38829  0.43597   0.24062   5.30862   59.35402  0.58666   -1.91924  58.02144  4.26602   2.00000   4.71157  
53.71553  -54.19837 23.78582  23.37034  0.25918   0.14305   5.39947   56.75743  1.92971   2.48419   61.17133  4.18002   2.00000   4.63385  
53.95948  -54.03355 21.08168  20.85472  0.04114   0.02271   43.46040  52.36590  -0.30668  -0.11756  51.94166  0.34221   2.00000   2.02907  
54.10270  -53.92117 22.82190  22.53595  0.09932   0.05482   11.08859  66.72891  0.42458   -4.19768  62.95582  1.76258   2.00000   2.66584  
53.91005  -54.03839 23.73683  23.32891  0.06532   0.03605   5.60906   56.61146  -5.19665  1.40810   52.82290  3.99330   2.00000   4.46615  
54.15169  -54.03074 22.26326  22.02718  0.09428   0.05204   17.06590  53.93568  -1.45451  -0.06009  52.42108  1.05062   2.00000   2.25916  
54.27959  -53.86837 23.87929  23.44829  0.21076   0.11632   5.00507   53.80478  7.21489   -1.55020  59.46946  4.57834   2.00000   4.99612  
53.98524  -54.01045 23.24570  22.91004  0.01358   0.00750   8.01292   60.93830  3.98977   -0.71401  64.21406  2.60286   2.00000   3.28251  
54.00914  -54.06227 21.78588  21.58026  0.06250   0.03450   25.35646  54.09515  -0.11807  -4.86085  49.11623  0.65327   2.00000   2.10399  
53.84529  -53.95059 22.85929  22.56925  0.10354   0.05715   10.81482  55.93178  1.06489   1.08604   58.08271  1.81626   2.00000   2.70163  
54.12563  -53.96186 22.56449  22.30366  0.08314   0.04589   13.74353  50.53608  0.71538   0.57356   51.82502  1.36233   2.00000   2.41991  
53.91650  -54.04376 22.16585  21.93631  0.06574   0.03628   18.60093  66.62544  -0.34584  2.32707   68.60667  0.94745   2.00000   2.21307  
53.96983  -53.94997 23.69649  23.29488  0.05308   0.02930   5.78125   54.27833  -4.49358  -0.34564  49.43911  3.85101   2.00000   4.33938  
54.33695  -54.02687 23.35654  23.00527  0.19980   0.11028   7.24659   62.67165  4.54035   1.23146   68.44346  2.93656   2.00000   3.55294  
53.84368  -54.00701 23.10436  22.78650  0.09214   0.05085   9.02859   53.25972  3.05186   2.16006   58.47164  2.25557   2.00000   3.01456  
53.84560  -53.99902 21.26593  21.06280  0.09076   0.05009   36.55713  50.72791  0.27853   -0.80563  50.20081  0.42115   2.00000   2.04386  
54.08519  -53.94727 22.58611  22.32307  0.07274   0.04015   13.51032  60.57971  -0.93812  -0.70986  58.93174  1.39060   2.00000   2.43593  
54.14473  -54.02173 21.55493  21.35834  0.08778   0.04845   30.01510  62.29648  0.01823   1.76463   64.07934  0.53357   2.00000   2.06995  
54.19765  -53.91966 23.36329  23.01106  0.14134   0.07801   7.21726   59.65110  -2.24319  -2.43915  54.96876  2.95089   2.00000   3.56480  
54.17824  -53.97732 23.87114  23.44156  0.10722   0.05918   5.03909   66.13371  5.50876   -2.01708  69.62539  4.54127   2.00000   4.96217  
54.35331  -54.08534 22.63939  22.37091  0.22432   0.12381   12.93544  53.62024  -0.04283  3.20146   56.77887  1.46508   2.00000   2.47921  
53.15473  -54.02184 22.77539  22.49419  0.49719   0.27441   11.45401  52.98139  1.62045   0.73437   55.33622  1.69532   2.00000   2.62185  
54.28220  -54.09527 23.14393  22.82116  0.19112   0.10548   8.74365   68.76237  0.70644   -2.69421  66.77461  2.34406   2.00000   3.08133  
54.03745  -54.04130 21.16211  20.94950  0.04680   0.02583   39.86373  65.15700  0.39783   2.47214   68.02696  0.37958   2.00000   2.03570  
53.72722  -53.93078 22.17121  21.94131  0.17476   0.09646   18.50606  50.21226  -0.52471  -1.30841  48.37914  0.95329   2.00000   2.21557  
53.94684  -53.98103 23.16125  22.83630  0.03656   0.02018   8.61917   49.99256  1.21631   2.62261   53.83148  2.38474   2.00000   3.11239  
53.99915  -53.99226 23.16854  22.84267  0.00776   0.00428   8.56679   60.75116  -0.39337  4.13387   64.49166  2.40225   2.00000   3.12583  
53.79606  -53.98492 17.99370  18.02387  0.12084   0.06669   234.90634 62.16203  0.02555   -1.81722  60.37036  0.04518   2.00000   2.00051  
53.78366  -54.03715 21.81273  21.60561  0.13242   0.07309   24.87554  58.13466  -0.10926  0.31013   58.33553  0.66846   2.00000   2.10875  
53.97510  -54.74147 22.29985  22.06105  0.74161   0.40933   16.65893  63.73596  0.57875   0.10957   64.42428  1.08149   2.00000   2.27368  
53.82692  -54.05606 23.77230  23.35890  0.11610   0.06408   5.45732   59.58247  6.68560   0.82016   67.08823  4.12691   2.00000   4.58600  
53.96065  -53.92830 21.93577  21.72153  0.07534   0.04158   22.67605  65.44701  -1.83511  0.11489   63.72679  0.74700   2.00000   2.13495  
54.05438  -53.86406 23.83097  23.40845  0.13966   0.07708   5.20664   61.16938  4.22797   0.94822   66.34557  4.36647   2.00000   4.80271  
54.07299  -54.21352 21.92902  21.71521  0.21776   0.12019   22.79609  58.95894  0.48349   1.11549   60.55792  0.74228   2.00000   2.13330  
54.00944  -54.08133 23.35573  23.00457  0.08152   0.04499   7.25011   61.54562  -1.00765  -0.92401  59.61395  2.93485   2.00000   3.55153  
53.99437  -54.07204 23.36597  23.01337  0.07212   0.03981   7.20561   53.61907  3.86016   -0.31805  57.16118  2.95662   2.00000   3.56954  
53.93404  -53.82625 23.13672  22.81486  0.17804   0.09827   8.79544   62.57883  0.35459   1.90909   64.84251  2.32751   2.00000   3.06876  
54.71166  -54.55436 23.73231  23.32509  0.69279   0.38239   5.62839   63.39698  -3.76318  -0.69706  58.93675  3.97685   2.00000   4.45144  
53.25543  -53.68298 22.21591  21.98302  0.54175   0.29901   17.71476  61.31016  1.08543   -0.14731  62.24829  1.00461   2.00000   2.23813  
53.95670  -54.01032 22.99857  22.69331  0.02746   0.01516   9.79479   64.13042  -3.69645  -0.75243  59.68154  2.04553   2.00000   2.86080  
53.62379  -53.80360 22.31534  22.07532  0.29614   0.16345   16.48747  60.27185  0.95599   -0.35477  60.87307  1.09500   2.00000   2.28014  
53.94308  -54.01460 23.18381  22.85602  0.03650   0.02015   8.45706   54.64496  0.12055   1.96587   56.73139  2.43970   2.00000   3.15470  
53.92441  -53.97371 22.87058  22.57931  0.05164   0.02850   10.73215  65.56658  0.15154   1.65512   67.37325  1.83306   2.00000   2.71295  
53.99262  -53.99137 22.92110  22.62429  0.00966   0.00533   10.36229  55.17788  0.00616   0.47087   55.65490  1.91185   2.00000   2.76680  
54.19179  -54.03040 23.62294  23.23333  0.11672   0.06442   6.09265   51.41260  3.56535   0.24639   55.22434  3.61603   2.00000   4.13228  
54.05010  -53.88298 22.30801  22.06857  0.12068   0.06661   16.56855  67.58937  0.06399   0.22288   67.87624  1.08858   2.00000   2.27706  
54.30479  -53.87892 22.29206  22.05387  0.21644   0.11946   16.74516  59.51324  -0.31348  0.48445   59.68422  1.07481   2.00000   2.27051  
54.20731  -54.07922 23.38775  23.03208  0.14524   0.08016   7.11092   57.75274  -5.37613  2.02766   54.40428  3.00392   2.00000   3.60882  
54.26303  -54.54596 22.17588  21.94567  0.56715   0.31303   18.42339  53.61006  -2.36779  -1.27548  49.96679  0.95842   2.00000   2.21779  
53.93868  -54.07808 21.46870  21.27274  0.08598   0.04745   31.91006  50.64148  -0.09670  -0.16804  50.37674  0.49578   2.00000   2.06053  
53.97426  -53.99089 21.91639  21.70337  0.01766   0.00975   23.02068  59.24618  0.16922   -0.63436  58.78103  0.73360   2.00000   2.13030  
54.03773  -53.92214 23.77699  23.36287  0.08096   0.04468   5.43727   53.69276  -2.87163  -0.39898  50.42215  4.14518   2.00000   4.60244  
53.83236  -53.98137 22.86819  22.57717  0.10030   0.05536   10.74968  61.01076  0.16660   1.01226   62.18962  1.82947   2.00000   2.71053  
54.06926  -53.99466 23.71141  23.30742  0.04106   0.02266   5.71782   62.19881  2.12585   1.08230   65.40696  3.90232   2.00000   4.38499  
54.08373  -53.79979 23.32116  22.97487  0.20620   0.11381   7.47985   58.28698  2.16239   -2.49860  57.95078  2.82702   2.00000   3.46295  
54.13965  -54.09625 22.76360  22.48348  0.12644   0.06979   11.58277  62.37382  -3.39755  3.05988   62.03616  1.67273   2.00000   2.60730  
53.83394  -53.84517 23.23832  22.90366  0.18312   0.10107   8.06535   64.32809  -1.25767  1.31478   64.38520  2.58257   2.00000   3.26645  
54.02486  -53.98585 22.95725  22.65654  0.02034   0.01123   10.09714  65.71406  2.60939   0.52152   68.84498  1.97225   2.00000   2.80887  
53.92371  -54.24132 22.81395  22.52887  0.24542   0.13545   11.14680  53.01530  1.98144   2.80676   57.80350  1.75154   2.00000   2.65855  
54.11493  -53.98618 23.70707  23.30375  0.06896   0.03806   5.73639   64.42408  2.74517   1.60317   68.77242  3.88717   2.00000   4.37151  
54.15246  -53.89902 23.77895  23.36452  0.13508   0.07455   5.42888   66.98732  -3.62147  0.13411   63.49995  4.15287   2.00000   4.60937  
54.18690  -53.94451 23.82440  23.40296  0.12314   0.06796   5.23440   65.32671  6.71952   0.07880   72.12503  4.33870   2.00000   4.77748  
54.05446  -54.01110 21.58163  21.38401  0.03388   0.01870   29.44698  53.74890  0.69106   3.52522   57.96517  0.54595   2.00000   2.07318  
54.34972  -54.56663 22.55689  22.29683  0.60229   0.33243   13.82558  63.58606  0.88057   -3.23552  61.23111  1.35263   2.00000   2.41446  
53.84453  -54.02434 23.15925  22.83455  0.09454   0.05218   8.63357   52.66786  -0.30531  -0.40512  51.95743  2.37997   2.00000   3.10874  
53.94131  -54.09078 21.79317  21.58715  0.09710   0.05359   25.22580  54.95423  1.08733   -2.02396  54.01760  0.65733   2.00000   2.10525  
54.02027  -53.99841 21.31814  21.11843  0.01202   0.00663   35.32574  61.22214  -0.25153  1.00225   61.97286  0.43882   2.00000   2.04758  
53.92917  -53.92461 23.28431  22.94321  0.08614   0.04754   7.74013   64.90070  2.27402   3.39083   70.56555  2.71333   2.00000   3.37078  
54.06557  -53.96882 22.87755  22.58552  0.04958   0.02736   10.68110  56.33418  -1.28862  -4.21010  50.83545  1.84357   2.00000   2.72007  
54.07323  -54.10282 23.03639  22.72663  0.11144   0.06151   9.52090   60.48071  0.74262   0.70894   61.93227  2.11635   2.00000   2.91186  
54.16894  -53.99482 21.36330  21.16505  0.09944   0.05488   34.29385  62.49856  -0.56475  1.69845   63.63225  0.45472   2.00000   2.05104  
53.95683  -54.02498 22.72321  22.44679  0.03560   0.01965   12.02362  52.80675  -3.55865  1.66109   50.90919  1.59940   2.00000   2.56088  
53.92173  -53.78894 22.04649  21.82537  0.21604   0.11924   20.70590  63.27620  -0.37195  -1.52410  61.38014  0.83308   2.00000   2.16657  
54.05846  -54.15810 23.77203  23.35867  0.16178   0.08929   5.45848   61.91276  3.31745   1.52580   66.75600  4.12585   2.00000   4.58505  
53.81493  -53.95985 22.38846  22.14268  0.11600   0.06402   15.67794  57.40522  -0.28519  -0.64187  56.47816  1.16320   2.00000   2.31366  
54.00893  -54.00158 23.70496  23.30197  0.00548   0.00302   5.74539   63.76478  3.55983   -1.04370  66.28091  3.87987   2.00000   4.36502  
54.04540  -54.06379 23.83760  23.41392  0.06914   0.03816   5.17897   63.16362  0.67390   -3.29520  60.54233  4.39449   2.00000   4.82820  
53.68981  -53.81551 21.14547  20.93072  0.25966   0.14331   40.57642  66.21012  0.40216   -0.82211  65.79017  0.37160   2.00000   2.03423  
53.68701  -53.84803 22.15372  21.92500  0.23888   0.13185   18.81551  60.47427  -0.70469  -0.05223  59.71735  0.93450   2.00000   2.20755  
53.65125  -53.99035 22.47407  22.22137  0.20524   0.11328   14.73238  63.35628  -1.05428  1.74589   64.04789  1.25335   2.00000   2.36027  
54.20403  -53.97196 21.88764  21.67633  0.12320   0.06800   23.53368  57.19436  -0.98802  -1.30103  54.90531  0.71445   2.00000   2.12378  
52.91462  -54.36151 22.81507  22.52987  0.73085   0.40340   11.13860  63.91713  0.44381   1.30498   65.66592  1.75309   2.00000   2.65957  
54.16513  -54.00801 23.11680  22.79745  0.09738   0.05375   8.93863   60.41565  2.85418   2.23379   65.50361  2.28284   2.00000   3.03502  
54.25024  -54.01999 23.75582  23.34497  0.14840   0.08191   5.52781   62.04099  -2.34788  0.27010   59.96321  4.06384   2.00000   4.52932  
53.81882  -53.71301 22.86214  22.57179  0.30624   0.16902   10.79392  56.04114  -0.21988  -1.86202  53.95925  1.82048   2.00000   2.70447  
54.01155  -53.99641 22.93947  22.64067  0.00768   0.00424   10.22765  58.26948  -0.58939  1.46514   59.14524  1.94209   2.00000   2.78778  
54.09517  -54.08179 23.44856  23.08426  0.09906   0.05467   6.84693   56.15753  -3.91796  -2.41761  49.82196  3.14344   2.00000   3.72575  
54.16655  -54.08791 21.67353  21.47251  0.13150   0.07258   27.48792  60.13012  -0.22978  1.09722   60.99756  0.59297   2.00000   2.08605  
53.87147  -53.95852 23.62574  23.23568  0.08622   0.04759   6.08077   61.12757  -0.34079  1.03096   61.81774  3.62451   2.00000   4.13970  
54.06816  -54.17156 22.66352  22.39257  0.17616   0.09723   12.67515  50.13512  1.30087   -2.12084  49.31515  1.50126   2.00000   2.50076  
53.70662  -54.31332 23.56887  23.18738  0.35732   0.19722   6.32515   63.36162  -13.37810 -2.40332  47.58020  3.45712   2.00000   3.99396  
53.99978  -53.97102 22.48388  22.23038  0.02898   0.01599   14.62408  63.97307  -0.06273  -0.58538  63.32497  1.26450   2.00000   2.36621  
54.00458  -54.00482 23.27419  22.93451  0.00552   0.00305   7.81166   59.97044  -2.71289  0.04513   57.30268  2.68354   2.00000   3.34685  
54.01340  -53.90892 22.84041  22.55244  0.09142   0.05046   10.95308  54.43222  -4.51039  3.18516   53.10699  1.78878   2.00000   2.68323  
53.72187  -53.82597 21.67778  21.47660  0.23900   0.13191   27.39724  58.90569  -0.13679  -0.10784  58.66106  0.59532   2.00000   2.08672  
53.90095  -53.81444 23.12813  22.80735  0.19452   0.10736   8.85716   68.16549  -0.43940  -2.89909  64.82700  2.30806   2.00000   3.05403  
53.95021  -54.15324 23.64518  23.25195  0.15600   0.08610   5.99846   58.24965  2.82906   -0.06417  61.01453  3.68427   2.00000   4.19212  
54.06793  -54.02266 21.20779  21.00061  0.04590   0.02533   37.93384  53.28643  0.77400   3.16288   57.22331  0.40287   2.00000   2.04017  
52.85692  -54.26287 22.96068  22.65961  0.71949   0.39712   10.07192  68.63290  0.45758   2.41294   71.50342  1.97818   2.00000   2.81304  
54.22030  -54.07962 23.64134  23.24873  0.15190   0.08384   6.01474   71.71132  -2.22971  0.79451   70.27612  3.67231   2.00000   4.18161  
53.94220  -54.06218 23.48459  23.11518  0.07084   0.03910   6.69046   59.31459  -2.00176  0.97319   58.28602  3.23186   2.00000   3.80065  
53.99104  -53.97032 23.17780  22.85076  0.03014   0.01664   8.50027   73.59468  1.54192   1.02592   76.16252  2.42483   2.00000   3.14321  
53.99603  -53.92237 21.24963  21.04543  0.07766   0.04286   36.94161  68.02991  0.21274   -1.41872  66.82393  0.41589   2.00000   2.04278  
54.01951  -54.17787 23.79021  23.37405  0.17824   0.09838   5.38069   57.11687  -2.24570  -0.51872  54.35244  4.19753   2.00000   4.64965  
53.85639  -53.98910 23.18648  22.85835  0.08512   0.04698   8.43791   58.17415  0.30693   -1.26519  57.21589  2.44635   2.00000   3.15984  
54.01388  -53.97418 23.59783  23.21216  0.02708   0.01495   6.19981   61.33066  -3.14686  -1.16470  57.01910  3.54116   2.00000   4.06692  
53.73384  -54.11488 23.46854  23.10141  0.19392   0.10703   6.76016   61.63570  1.81859   -2.71663  60.73765  3.19192   2.00000   3.76674  
53.96836  -54.00560 23.82493  23.40341  0.01942   0.01072   5.23214   54.07312  5.96244   -1.63752  58.39805  4.34095   2.00000   4.77952  
53.73941  -53.95480 22.83316  22.54598  0.15978   0.08819   11.00613  55.64609  -3.24699  -0.07615  52.32295  1.77844   2.00000   2.67635  
53.94231  -54.14935 23.03173  22.72253  0.15314   0.08452   9.55459   64.14494  1.11292   1.57597   66.83382  2.10739   2.00000   2.90536  
54.24910  -54.08708 21.75105  21.54726  0.17022   0.09395   25.98265  63.27227  -0.67629  1.71290   64.30887  0.63442   2.00000   2.09821  
54.13265  -53.94424 23.66507  23.26859  0.09590   0.05293   5.91427   50.36871  -0.46467  -2.22011  47.68392  3.74730   2.00000   4.24762  
53.86051  -54.14585 22.13616  21.90875  0.16724   0.09230   19.12396  58.08203  1.39737   0.04960   59.52900  0.91645   2.00000   2.19997  
54.92817  -53.60612 22.68017  22.40769  0.67497   0.37255   12.49344  58.79317  -1.93447  -3.02928  53.82942  1.52750   2.00000   2.51660  
54.04541  -53.95837 21.50827  21.31315  0.04946   0.02730   31.01550  65.00256  0.00273   2.26086   67.26614  0.51299   2.00000   2.06474  
54.04599  -53.98747 23.41114  23.05215  0.02980   0.01645   7.00940   66.87569  -2.89651  0.14577   64.12496  3.05621   2.00000   3.65245  
54.30194  -53.96294 21.44687  21.25043  0.18138   0.10011   32.40380  51.57233  0.13239   -2.19525  49.50947  0.48673   2.00000   2.05837  
54.05441  -53.96046 23.06233  22.74948  0.05086   0.02807   9.33296   65.99788  1.84083   -0.60380  67.23492  2.16759   2.00000   2.94931  
53.76897  -53.98736 22.74283  22.46461  0.13640   0.07528   11.80948  61.81648  1.06690   1.91150   64.79488  1.63427   2.00000   2.58280  
54.36613  -54.03251 22.50468  22.24950  0.21756   0.12008   14.39439  71.88208  -0.29593  -3.47790  68.10825  1.28875   2.00000   2.37926  
54.11945  -53.90024 20.24589  19.81519  0.12204   0.06736   90.74554  57.68918  0.17986   0.95229   58.82133  0.14145   2.00000   2.00500  
54.00340  -53.93759 23.45631  23.09091  0.06244   0.03446   6.81325   53.21302  0.93890   -3.42866  50.72326  3.16209   2.00000   3.74150  
54.06172  -54.02091 23.63176  23.24071  0.04186   0.02310   6.05531   56.09172  2.24428   1.58612   59.92212  3.64281   2.00000   4.15572  
53.91530  -53.98725 22.40558  22.15845  0.05140   0.02837   15.48850  67.94570  -1.69599  -1.67413  64.57558  1.18029   2.00000   2.32230  
53.74121  -53.98685 22.63363  22.36574  0.15270   0.08428   12.99761  61.18368  2.88333   -1.89176  62.17525  1.45668   2.00000   2.47425  
54.05100  -53.99189 20.15283  19.71688  0.03106   0.01714   96.96329  62.29898  -0.02595  0.90450   63.17752  0.13064   2.00000   2.00426  
53.82186  -54.01203 23.57722  23.19452  0.10538   0.05816   6.28903   54.42739  -0.49294  1.79812   55.73257  3.48097   2.00000   4.01462  
54.00159  -54.03955 21.82780  21.61984  0.03956   0.02183   24.60560  56.35752  -0.58614  4.06619   59.83757  0.67727   2.00000   2.11156  
53.97581  -54.07647 22.85404  22.56457  0.07778   0.04293   10.85327  59.15552  0.06608   0.94734   60.16893  1.80854   2.00000   2.69644  
54.13148  -54.05628 23.75816  23.34695  0.09556   0.05274   5.51779   56.27673  -1.24947  -0.98478  54.04248  4.07269   2.00000   4.53727  
53.85139  -53.97333 23.44274  23.07927  0.09136   0.05042   6.87217   59.15442  -0.31995  -2.97102  55.86344  3.12959   2.00000   3.71407  
54.12233  -54.11024 22.00474  21.78620  0.13156   0.07261   21.44915  64.70070  -1.51538  -2.30091  60.88441  0.79856   2.00000   2.15353  
53.98033  -53.88397 20.30775  19.88081  0.11660   0.06435   86.59519  67.67843  -0.14657  -3.03675  64.49511  0.14963   2.00000   2.00559  
53.98508  -53.95521 22.63247  22.36469  0.04564   0.02519   13.01020  62.81963  1.78811   -2.56732  62.04042  1.45499   2.00000   2.47325  
53.94855  -53.83166 22.37598  22.13119  0.17104   0.09440   15.81611  69.44122  1.73404   -2.66601  68.50925  1.15101   2.00000   2.30756  
54.26627  -54.12376 23.86595  23.43729  0.19934   0.11002   5.06073   63.96698  -7.17955  -1.91929  54.86814  4.51798   2.00000   4.94086  
53.92434  -53.96119 22.57966  22.31728  0.05904   0.03259   13.57988  69.48327  -0.99385  0.10913   68.59854  1.38205   2.00000   2.43106  
54.15110  -54.06094 22.81353  22.52850  0.10766   0.05942   11.14986  71.49594  0.40694   0.82609   72.72897  1.75096   2.00000   2.65817  
53.99129  -54.70781 23.87581  23.44542  0.70783   0.39069   5.01958   70.52190  -3.47616  2.08903   69.13478  4.56247   2.00000   4.98158  
54.08028  -53.91843 23.12773  22.80700  0.09426   0.05202   8.86007   63.65812  3.48948   -1.29981  65.84780  2.30715   2.00000   3.05335  
54.01274  -53.93078 22.30682  22.06747  0.06962   0.03843   16.58172  58.14787  -0.94370  -0.77850  56.42567  1.08754   2.00000   2.27656  
54.31686  -54.00573 21.61125  21.41247  0.18632   0.10284   28.81693  60.73346  -0.46286  2.42450   62.69510  0.56030   2.00000   2.07700  
53.73253  -54.02587 22.83392  22.54666  0.15928   0.08791   11.00057  61.06434  1.70258   -1.30393  61.46299  1.77951   2.00000   2.67706  
53.88457  -54.27260 20.39339  19.97203  0.28086   0.15502   80.82592  57.49242  -0.11676  1.94063   59.31629  0.16253   2.00000   2.00659  
54.24513  -53.84689 23.39507  23.03836  0.21042   0.11614   7.07916   54.21446  3.44783   2.78620   60.44850  3.02010   2.00000   3.62229  
53.90573  -54.00194 20.13711  19.70044  0.05544   0.03060   98.00266  64.89654  0.19422   -1.71089  63.37987  0.12898   2.00000   2.00415  
53.86151  -54.04789 23.19846  22.86882  0.09440   0.05210   8.35178   53.29663  -3.49311  0.84396   50.64748  2.47665   2.00000   3.18336  
53.44219  -53.96178 22.12761  21.90094  0.33024   0.18227   19.27206  57.27933  0.96956   -2.24419  56.00470  0.90800   2.00000   2.19647  
54.12710  -53.94545 20.83461  20.50600  0.09254   0.05108   56.69328  56.69661  -0.05808  -4.08898  52.54954  0.24875   2.00000   2.01541  
53.70584  -54.02093 22.69780  22.42371  0.17412   0.09610   12.30097  70.25128  1.75949   3.32230   75.33308  1.55623   2.00000   2.53413  
53.96764  -53.99877 23.79179  23.37538  0.01906   0.01052   5.37394   59.45890  -0.38546  1.18025   60.25369  4.20386   2.00000   4.65537  
54.15631  -54.03133 23.32557  22.97866  0.09704   0.05356   7.44869   62.27996  4.30906   0.11021   66.69922  2.84121   2.00000   3.47455  
53.80595  -53.69854 23.33883  22.99005  0.32246   0.17798   7.35502   57.49432  -1.02679  1.55158   58.01911  2.88469   2.00000   3.51019  
54.28349  -54.21210 22.93527  22.63692  0.26946   0.14872   10.25843  72.45901  -0.64688  -2.60355  69.20858  1.93510   2.00000   2.78291  
54.00884  -53.91668 20.96687  20.70667  0.08348   0.04607   49.07842  70.04062  0.46716   2.12550   72.63328  0.29575   2.00000   2.02175  
53.46927  -53.97086 20.65458  20.26233  0.31342   0.17299   67.44294  57.05049  -0.18128  1.16036   58.02958  0.20197   2.00000   2.01017  
53.93406  -53.99250 23.10956  22.79108  0.03948   0.02179   8.99092   48.85175  0.86025   2.51544   52.22744  2.26691   2.00000   3.02306  
54.03084  -53.92371 23.14008  22.81779  0.07842   0.04328   8.77135   64.83666  0.92078   -2.77812  62.97932  2.33518   2.00000   3.07458  
54.04703  -53.99796 20.32994  19.90444  0.02772   0.01530   85.10039  63.52411  -0.14083  1.57654   64.95983  0.15279   2.00000   2.00583  
53.80958  -53.91847 23.80159  23.38367  0.13856   0.07648   5.33201   61.32379  3.85135   1.68029   66.85543  4.24357   2.00000   4.69125  
53.78569  -54.20851 23.53641  23.15962  0.24344   0.13436   6.46564   61.44851  3.75287   3.50878   68.71017  3.36718   2.00000   3.91636  
54.00095  -53.92832 23.18518  22.85722  0.07168   0.03956   8.44720   61.31449  3.24396   2.34500   66.90345  2.44312   2.00000   3.15735  
54.09724  -53.90428 22.36942  22.12514  0.11152   0.06155   15.88875  50.29840  1.14531   -3.58661  47.85710  1.14470   2.00000   2.30442  
54.19318  -54.16227 17.98441  18.02095  0.19792   0.10924   235.18358 58.35438  0.06218   -1.73781  56.67874  0.04511   2.00000   2.00051  
54.12705  -54.05856 22.91093  22.61524  0.09486   0.05236   10.43673  53.50306  -1.67505  -0.95490  50.87311  1.89550   2.00000   2.75552  
54.23978  -53.92926 22.75219  22.47312  0.15780   0.08709   11.70726  63.18797  -0.07560  -2.35434  60.75803  1.65141   2.00000   2.59367  
53.86493  -53.86742 21.01846  20.77548  0.15460   0.08533   46.46720  60.36847  -0.12415  -1.56043  58.68390  0.31581   2.00000   2.02478  
54.27000  -54.13942 22.22056  21.98736  0.21104   0.11648   17.63244  66.55203  1.15508   -1.85234  65.85477  1.01024   2.00000   2.24067  
53.48894  -54.33470 22.70299  22.42842  0.44893   0.24778   12.24440  56.70564  2.51591   2.30792   61.52948  1.56486   2.00000   2.53944  
54.13783  -53.91953 23.50407  23.13190  0.11424   0.06305   6.60588   50.73730  0.81342   -0.17657  51.37415  3.28158   2.00000   3.84302  
54.23851  -53.97853 23.87469  23.44449  0.14186   0.07830   5.02427   55.02826  2.64114   -0.28887  57.38054  4.55736   2.00000   4.97690  
54.12482  -53.96380 23.19629  22.86692  0.08184   0.04517   8.36737   70.15921  2.74906   0.22792   73.13619  2.47112   2.00000   3.17906  
54.11044  -54.00065 23.44687  23.08281  0.06492   0.03583   6.85425   57.34436  2.23747   -1.81246  57.76938  3.13941   2.00000   3.72235  
53.86537  -53.90438 23.54885  23.17026  0.12418   0.06854   6.41180   56.28170  0.79185   -0.70497  56.36858  3.40114   2.00000   3.94560  
53.89345  -53.89113 23.81628  23.39609  0.12564   0.06934   5.26918   50.39497  4.60191   0.43524   55.43212  4.30436   2.00000   4.74631  
54.99827  -53.88770 22.41574  22.16778  0.59819   0.33016   15.37635  61.40073  0.34246   -0.68463  61.05855  1.19063   2.00000   2.32757  
54.02761  -53.95966 23.31217  22.96715  0.04348   0.02400   7.54333   68.12249  2.26748   -4.69346  65.69652  2.79849   2.00000   3.43970  
54.23160  -53.68375 23.13331  22.81188  0.34450   0.19014   8.81997   52.43359  -2.97252  2.10947   51.57054  2.31974   2.00000   3.06288  
53.94310  -53.98147 22.70823  22.43318  0.03824   0.02111   12.18716  65.00067  1.37290   1.04018   67.41375  1.57368   2.00000   2.54489  
53.93403  -53.99198 23.13655  22.81471  0.03960   0.02186   8.79668   68.62890  -0.09804  1.78429   70.31516  2.32711   2.00000   3.06846  
53.99026  -54.04740 22.77364  22.49260  0.04774   0.02635   11.47317  54.36333  -0.63787  -0.88471  52.84075  1.69192   2.00000   2.61966  
54.09972  -54.07038 21.45644  21.26021  0.09156   0.05053   32.18733  58.11642  -0.24997  0.32876   58.19521  0.49066   2.00000   2.05931  
53.66894  -54.08742 23.50534  23.13299  0.21314   0.11764   6.60036   61.39220  -4.44653  1.90985   58.85551  3.28488   2.00000   3.84583  
54.00327  -53.96137 21.20055  20.99276  0.03868   0.02135   38.22199  67.18682  -0.58396  1.64555   68.24841  0.39923   2.00000   2.03946  
53.85019  -54.01982 22.11099  21.88575  0.09024   0.04981   19.56020  59.52607  -2.28350  -2.05193  55.19064  0.89197   2.00000   2.18989  
54.05384  -53.98167 23.82172  23.40069  0.03658   0.02019   5.24589   67.27051  0.96310   0.40967   68.64328  4.32730   2.00000   4.76713  
53.93868  -54.02018 23.11406  22.79505  0.04130   0.02279   8.95833   63.81502  -0.36973  2.94634   66.39163  2.27681   2.00000   3.03049  
54.11258  -54.00352 23.01682  22.70939  0.06626   0.03657   9.66261   55.59688  1.96191   -0.49943  57.05936  2.07915   2.00000   2.88494  
54.25228  -54.01382 22.74658  22.46801  0.14890   0.08218   11.76856  64.60067  -1.86920  0.79747   63.52894  1.64109   2.00000   2.58712  
54.33720  -54.09545 22.73601  22.45841  0.21978   0.12130   11.88394  65.00672  3.14054   2.30872   70.45598  1.62199   2.00000   2.57504  
53.93808  -54.11117 23.34459  22.99500  0.11696   0.06455   7.31432   63.72284  -2.37866  -0.24059  61.10359  2.90396   2.00000   3.52605  
54.25335  -54.07438 21.48884  21.29330  0.16634   0.09181   31.45484  64.80943  0.15633   -0.46566  64.50010  0.50440   2.00000   2.06262  
53.95859  -54.05978 20.50537  20.09248  0.06454   0.03562   74.96265  65.40273  0.06618   -2.79347  62.67544  0.17790   2.00000   2.00790  
54.09100  -54.05068 22.23225  21.99826  0.07366   0.04065   17.42559  57.04635  -1.81067  0.11386   55.34954  1.02465   2.00000   2.24720  
54.23050  -53.94318 23.37382  23.02011  0.14700   0.08113   7.17148   57.91152  -5.06566  -1.26618  51.57968  2.97351   2.00000   3.58354  
53.74444  -55.28246 22.64860  22.37918  1.29096   0.71263   12.83611  62.48977  -0.42081  -1.09690  60.97206  1.47870   2.00000   2.48728  
54.05048  -53.92861 22.07395  21.85149  0.07732   0.04268   20.21027  64.10874  -0.50162  -1.23906  62.36806  0.85766   2.00000   2.17614  
54.18414  -54.07052 22.63729  22.36902  0.12910   0.07125   12.95820  61.94283  0.40897   3.35322   65.70502  1.46200   2.00000   2.47738  
54.00310  -54.06081 23.72720  23.32077  0.06084   0.03358   5.65027   61.26312  -3.89115  0.73498   58.10695  3.95838   2.00000   4.43495  
53.72509  -54.01185 23.69551  23.29406  0.16200   0.08941   5.78539   58.82701  3.90694   1.30708   64.04102  3.84770   2.00000   4.33645  
54.17491  -54.37901 23.54479  23.16679  0.39258   0.21668   6.42935   66.98953  2.12199   1.40002   70.51154  3.39000   2.00000   3.93600  
54.06482  -53.93616 18.04457  17.49053  0.07436   0.04104   317.42540 58.85680  0.04878   -0.24008  58.66550  0.03148   2.00000   2.00025  
54.07552  -53.99588 22.24561  22.01072  0.04458   0.02460   17.26373  52.77440  -1.54259  3.63956   54.87137  1.03619   2.00000   2.25248  
54.02562  -54.08124 22.87274  22.58123  0.08262   0.04560   10.71632  57.03615  2.25923   0.14614   59.44152  1.83631   2.00000   2.71515  
53.91988  -54.06958 20.50163  20.08846  0.08400   0.04636   75.14083  49.11638  0.08891   -0.60796  48.59733  0.17740   2.00000   2.00785  
54.75429  -53.52283 22.62509  22.35806  0.65307   0.36046   13.08979  65.51859  -2.08221  0.07971   63.51609  1.44438   2.00000   2.46703  
53.94069  -54.06486 22.12920  21.90239  0.07362   0.04063   19.24451  64.66237  0.04435   0.39737   65.10409  0.90956   2.00000   2.19711  
53.93309  -53.97915 21.90352  21.69130  0.04452   0.02457   23.24968  57.97178  0.39703   2.35982   60.72863  0.72494   2.00000   2.12733  
53.99143  -53.97551 21.42009  21.22307  0.02500   0.01380   33.00954  57.98118  -0.42898  -2.32498  55.22722  0.47603   2.00000   2.05587  
54.02913  -53.93643 23.62080  23.23154  0.06584   0.03634   6.10171   62.46607  -1.09117  4.73066   66.10555  3.60959   2.00000   4.12664  
53.59059  -53.80223 22.55405  22.29429  0.31192   0.17216   13.85617  58.71556  -1.17853  -1.67076  55.86627  1.34905   2.00000   2.41245  
53.94746  -53.96527 23.71686  23.31202  0.04648   0.02565   5.69450   61.11393  -5.89894  0.59898   55.81396  3.92151   2.00000   4.40207  
53.99199  -54.16017 23.58934  23.20489  0.16024   0.08844   6.23655   57.28566  -0.61892  -2.06070  54.60603  3.51614   2.00000   4.04515  
53.66346  -54.01905 23.76907  23.35617  0.19868   0.10966   5.47113   62.50890  0.70240   -0.87181  62.33948  4.11441   2.00000   4.57475  
54.84635  -53.87225 20.92850  20.65148  0.51435   0.28389   51.17278  65.10477  -0.13575  0.17075   65.13977  0.28129   2.00000   2.01968  
53.99688  -54.09698 20.97734  20.72173  0.09700   0.05354   48.50693  56.85410  0.22848   1.10856   58.19113  0.29994   2.00000   2.02237  
54.25071  -54.56469 23.32974  22.98224  0.58335   0.32197   7.41923   51.08061  -0.81247  -1.64789  48.62026  2.85476   2.00000   3.48563  
53.95967  -54.07924 16.45633  15.71169  0.08270   0.04564   741.86212 73.74219  0.00052   0.87458   74.61729  0.01137   2.00000   2.00003  
53.96278  -53.97248 23.68620  23.28627  0.03516   0.01941   5.82482   69.98980  3.20420   0.09370   73.28770  3.81646   2.00000   4.30876  
54.05667  -53.96808 22.02565  21.80580  0.04614   0.02547   21.07719  63.44626  0.62710   1.56767   65.64104  0.81550   2.00000   2.15987  
53.82102  -53.97670 22.93911  22.64035  0.10778   0.05949   10.23023  61.46391  2.30565   1.44288   65.21244  1.94150   2.00000   2.78737  
53.96744  -54.10735 18.06283  17.77700  0.10904   0.06018   272.43022 56.68187  -0.02153  -3.05216  53.60818  0.03782   2.00000   2.00036  
53.98492  -54.09228 22.64132  22.37263  0.09270   0.05116   12.91472  60.77181  -0.72997  -0.00866  60.03317  1.46791   2.00000   2.48088  
54.08392  -54.00809 21.59589  21.39771  0.04998   0.02759   29.14365  53.26521  -0.12411  -1.86334  51.27777  0.55277   2.00000   2.07498  
54.09435  -53.95387 23.39921  23.04191  0.07216   0.03983   7.06119   59.31535  0.29308   1.62984   61.23827  3.02933   2.00000   3.62999  
54.01577  -54.14406 23.71653  23.31175  0.14436   0.07968   5.69592   56.63587  -2.71073  -0.58462  53.34052  3.92034   2.00000   4.40103  
53.97848  -54.07182 23.41089  23.05193  0.07292   0.04025   7.01048   69.77730  1.72744   0.48084   71.98557  3.05564   2.00000   3.65198  
53.91429  -54.08888 23.16822  22.84239  0.10214   0.05637   8.56909   57.05223  0.57953   -1.99214  55.63963  2.40148   2.00000   3.12523  
54.08207  -53.91911 23.72354  23.31767  0.09420   0.05199   5.66593   52.92785  7.92826   0.34399   61.20010  3.94525   2.00000   4.42323  
54.06553  -53.93746 23.44728  23.08316  0.07346   0.04054   6.85247   65.62992  -6.67717  0.31439   59.26714  3.14039   2.00000   3.72318  
53.80020  -54.40656 22.14251  21.91456  0.42303   0.23348   19.01371  57.62449  -0.04732  1.34737   58.92455  0.92283   2.00000   2.20264  
53.98962  -54.04910 21.58700  21.38916  0.04948   0.02731   29.33286  59.37457  0.81677   -3.32772  56.86362  0.54850   2.00000   2.07385  
53.92983  -53.97686 22.99004  22.68580  0.04730   0.02611   9.85656   50.17888  -6.18836  -2.73454  41.25598  2.03016   2.00000   2.84983  
54.03979  -53.95189 22.71844  22.44245  0.05350   0.02953   12.07572  52.82752  0.70017   1.35202   54.87971  1.59112   2.00000   2.55571  
54.06372  -53.97893 23.66968  23.27245  0.04298   0.02372   5.89475   54.42506  5.61575   -1.51631  58.52449  3.76220   2.00000   4.26077  
53.89286  -53.97032 23.60808  23.22091  0.06964   0.03844   6.15553   55.15189  -4.91352  -0.01236  50.22601  3.57175   2.00000   4.09358  
54.04193  -53.99309 23.84646  23.42122  0.02560   0.01413   5.14201   56.53828  5.43969   2.86664   64.84461  4.43241   2.00000   4.86274  
54.11780  -54.06381 23.75097  23.34087  0.09412   0.05195   5.54856   64.59588  -1.08424  -1.15959  62.35205  4.04561   2.00000   4.51298  
53.93031  -53.96137 23.64343  23.25049  0.05632   0.03108   6.00587   61.40355  -7.27257  -2.78197  51.34902  3.67882   2.00000   4.18733  
53.85611  -53.96765 23.23519  22.90092  0.09058   0.04999   8.08785   59.08312  0.95953   -3.12480  56.91785  2.57395   2.00000   3.25964  
54.24113  -54.11007 22.59624  22.33216  0.17930   0.09896   13.40104  65.61216  -1.18616  3.02004   67.44604  1.40422   2.00000   2.44373  
53.94337  -53.98441 22.60298  22.33822  0.03676   0.02029   13.32829  65.80559  0.94525   1.00200   67.75284  1.41342   2.00000   2.44903  
53.86934  -53.99995 22.22346  21.99005  0.07680   0.04239   17.58127  56.17639  -1.11348  3.54503   58.60793  1.01377   2.00000   2.24226  
54.01263  -54.07051 23.77300  23.35950  0.07090   0.03913   5.45432   58.01566  -0.48210  2.07845   59.61201  4.12964   2.00000   4.58845  
53.94391  -54.11254 22.56070  22.30026  0.11726   0.06472   13.78440  63.64050  -0.39133  -0.29220  62.95698  1.35748   2.00000   2.41718  
54.05838  -53.97772 21.82511  21.61730  0.04092   0.02258   24.65367  51.09062  0.72432   -1.51141  50.30353  0.67568   2.00000   2.11105  
53.06873  -54.07020 22.29741  22.05880  0.55141   0.30434   16.68590  51.45535  2.53211   -0.67941  53.30806  1.07940   2.00000   2.27268  
54.12804  -54.20893 23.00610  22.69994  0.22200   0.12253   9.74030   50.37276  2.06826   -2.93345  49.50756  2.05927   2.00000   2.87064  
54.11476  -53.99406 23.25560  22.91854  0.06772   0.03738   7.94297   60.85860  4.73256   -0.76972  64.82143  2.63039   2.00000   3.30438  
54.06280  -54.04276 22.52117  22.26465  0.05648   0.03117   14.21238  61.76499  -0.71686  2.41188   63.46001  1.30858   2.00000   2.39006  
54.04004  -54.00480 23.79731  23.38005  0.02402   0.01326   5.35030   62.36294  -0.97633  3.09294   64.47955  4.22616   2.00000   4.67551  
53.80182  -54.07250 20.90672  20.61822  0.13712   0.07568   52.43482  62.93182  -0.36925  -0.80433  61.75825  0.27318   2.00000   2.01857  
54.23021  -54.08538 22.22353  21.99012  0.15988   0.08824   17.58001  55.26363  -0.12590  0.44818   55.58591  1.01386   2.00000   2.24230  
54.09958  -53.88977 22.57766  22.31548  0.12484   0.06890   13.60151  64.60752  -3.25183  2.35826   63.71395  1.37942   2.00000   2.42957  
53.92457  -54.01330 21.77041  21.56566  0.04628   0.02554   25.63359  64.51108  0.84205   -1.19454  64.15859  0.64481   2.00000   2.10137  
53.96505  -54.11868 21.42556  21.22866  0.12044   0.06647   32.88578  71.25636  0.79964   0.58871   72.64471  0.47818   2.00000   2.05637  
54.07622  -54.00983 23.48272  23.11357  0.04586   0.02531   6.69859   62.39655  -0.84813  0.50536   62.05378  3.22715   2.00000   3.79665  
53.94528  -53.84205 23.84737  23.42197  0.16120   0.08897   5.13820   59.01044  -1.82041  0.85288   58.04291  4.43636   2.00000   4.86634  
53.91904  -54.05685 23.12458  22.80425  0.07412   0.04091   8.88267   63.72362  2.76775   0.78803   67.27939  2.30011   2.00000   3.04803  
53.94376  -54.03817 23.30297  22.95924  0.05048   0.02786   7.60838   64.55240  5.34278   -1.79680  68.09839  2.76981   2.00000   3.41641  
53.93705  -53.97609 23.00186  22.69621  0.04406   0.02432   9.77097   52.79066  -2.09057  -4.00662  46.69347  2.05152   2.00000   2.86509  
54.10926  -53.96817 23.23912  22.90436  0.07170   0.03957   8.05961   63.71022  2.37526   -0.61471  65.47076  2.58478   2.00000   3.26819  
54.04131  -53.99118 22.91193  22.61613  0.02584   0.01426   10.42938  63.69945  1.95197   -1.30924  64.34218  1.89710   2.00000   2.75663  
54.08330  -53.74248 22.48169  22.22837  0.26216   0.14469   14.64823  54.91270  -0.77198  -0.36287  53.77784  1.26200   2.00000   2.36487  
54.13025  -53.81907 23.19493  22.86573  0.19652   0.10847   8.37716   71.94795  0.30947   0.79749   73.05491  2.46765   2.00000   3.17637  
53.67592  -53.95827 23.64635  23.25293  0.19510   0.10768   5.99353   57.57683  -7.90952  -2.64925  47.01805  3.68792   2.00000   4.19532  
53.99532  -53.92203 23.65754  23.26229  0.07802   0.04306   5.94614   57.04188  6.46711   -1.43295  62.07604  3.72321   2.00000   4.22638  
53.91245  -54.21305 21.47255  21.27667  0.21914   0.12095   31.82309  51.21369  0.00096   3.53255   54.74720  0.49740   2.00000   2.06092  
54.00761  -54.03838 22.10248  21.87797  0.03864   0.02133   19.70784  59.57228  -1.01202  0.11598   58.67625  0.88396   2.00000   2.18664  
54.09907  -54.02264 23.03955  22.72942  0.06246   0.03447   9.49795   55.81778  -2.20481  -1.96476  51.64821  2.12248   2.00000   2.91632  
53.93470  -54.16152 21.94677  21.73185  0.16600   0.09162   22.48033  57.11658  -0.45784  1.32423   57.98296  0.75481   2.00000   2.13769  
54.16601  -53.97397 21.98315  21.76596  0.10102   0.05576   21.83320  63.32274  -0.35570  0.65988   63.62692  0.78173   2.00000   2.14735  
53.83950  -54.00740 23.81074  23.39140  0.09462   0.05222   5.29288   57.61188  -8.89599  1.99877   50.71467  4.28124   2.00000   4.72536  
54.12299  -54.02352 22.82714  22.54062  0.07600   0.04195   11.05022  69.61055  0.73071   1.07407   71.41533  1.76992   2.00000   2.67070  
54.11706  -54.20500 23.61318  23.22517  0.21618   0.11932   6.13395   59.44887  0.82284   -0.43349  59.83821  3.58684   2.00000   4.10675  
53.75832  -54.05399 21.75824  21.55417  0.15188   0.08383   25.85149  60.07208  0.09769   -0.07559  60.09418  0.63829   2.00000   2.09938  
53.94562  -54.06753 23.49333  23.12268  0.07470   0.04123   6.65251   54.93971  -6.52366  -3.64731  44.76874  3.25400   2.00000   3.81949  
52.69019  -54.05656 23.30863  22.96410  0.77143   0.42579   7.56837   58.72082  -3.99081  0.64230   55.37230  2.78739   2.00000   3.43067  
54.37291  -53.84919 23.38281  23.02783  0.26638   0.14702   7.13242   66.59776  1.46121   0.44863   68.50759  2.99306   2.00000   3.59978  
53.86285  -54.08581 23.82886  23.40671  0.11768   0.06495   5.21544   63.99906  -2.01950  -1.69818  60.28137  4.35764   2.00000   4.79469  
53.91479  -53.96159 20.97314  20.71569  0.06314   0.03485   48.73629  57.87950  0.00781   0.77619   58.66350  0.29825   2.00000   2.02212  
53.79282  -54.14146 22.08490  21.86191  0.18652   0.10295   20.01267  62.86956  -1.53553  -0.21291  61.12112  0.86783   2.00000   2.18017  
54.08378  -54.06951 20.64425  20.25018  0.08516   0.04700   67.98097  66.52929  0.20998   -1.96685  64.77241  0.20005   2.00000   2.00998  
54.06692  -54.00052 23.54518  23.16711  0.03934   0.02171   6.42770   56.80791  -5.30784  -1.24433  50.25573  3.39104   2.00000   3.93690  
54.09928  -53.97007 21.35697  21.15858  0.06560   0.03621   34.43706  45.02797  -0.49016  0.56223   45.10005  0.45245   2.00000   2.05054  
54.06717  -54.01235 22.37021  22.12587  0.04136   0.02283   15.87996  50.71454  -0.06475  -0.05188  50.59791  1.14546   2.00000   2.30480  
54.08769  -53.88846 22.46278  22.21100  0.12290   0.06783   14.85704  61.69484  -0.72926  -0.31486  60.65073  1.24074   2.00000   2.35360  
53.97725  -54.03172 22.05803  21.83634  0.03442   0.01900   20.49774  71.14360  -0.34032  -1.19526  69.60802  0.84324   2.00000   2.17050  
54.04124  -54.07581 22.54341  22.28473  0.07958   0.04392   13.97097  59.65241  1.29705   0.54602   61.49548  1.33576   2.00000   2.40505  
53.64763  -53.92296 22.15218  21.92357  0.22116   0.12206   18.84274  70.56590  1.27445   -0.45458  71.38577  0.93288   2.00000   2.20687  
54.27411  -54.23258 20.32054  19.89444  0.28268   0.15602   85.73321  64.51206  0.02532   4.67598   69.21335  0.15143   2.00000   2.00572  
53.91412  -53.99952 22.65936  22.38883  0.05048   0.02786   12.72007  60.12384  0.63459   -0.23861  60.51982  1.49490   2.00000   2.49694  
53.92567  -53.94876 23.07029  22.75649  0.06736   0.03718   9.27533   50.28748  3.51946   0.30120   54.10814  2.18376   2.00000   2.96122  
53.93811  -54.03545 22.88595  22.59299  0.05078   0.02803   10.61964  55.69366  0.54488   1.44653   57.68507  1.85638   2.00000   2.72877  
53.65211  -54.04525 21.73496  21.53175  0.20932   0.11553   26.27696  62.45647  0.35203   3.88971   66.69821  0.62591   2.00000   2.09565  
53.92372  -53.99401 23.46986  23.10254  0.04524   0.02497   6.75442   58.50839  3.05278   -1.80291  59.75826  3.19517   2.00000   3.76950  
53.97630  -54.13720 22.74088  22.46284  0.13790   0.07611   11.83074  61.16053  2.50646   1.95525   65.62224  1.63074   2.00000   2.58057  
53.96736  -54.01505 23.77908  23.36464  0.02438   0.01346   5.42830   67.85374  -0.30551  -1.32880  66.21943  4.15339   2.00000   4.60985  
53.98642  -54.15758 22.88101  22.58859  0.15778   0.08708   10.65581  56.15688  0.54518   0.80133   57.50339  1.84883   2.00000   2.72363  
53.71163  -54.08847 19.91827  19.47128  0.19104   0.10544   112.49623 61.10850  -0.09976  -1.00829  60.00045  0.10930   2.00000   2.00298  
53.90289  -53.97927 23.24874  22.91265  0.06074   0.03352   7.99141   58.50225  2.40164   -1.03089  59.87300  2.61127   2.00000   3.28918  
54.05302  -54.04151 23.47494  23.10690  0.05190   0.02865   6.73236   61.50981  0.23299   2.84099   64.58378  3.20774   2.00000   3.78016  
54.11251  -54.09797 23.75218  23.34189  0.11816   0.06522   5.54338   59.06358  2.45918   -2.20108  59.32168  4.05014   2.00000   4.51704  
54.05453  -53.95129 23.31807  22.97222  0.05832   0.03219   7.50168   60.72562  -2.10276  -0.00799  58.61487  2.81715   2.00000   3.45490  
53.93803  -53.87183 22.19292  21.96157  0.13326   0.07355   18.12177  68.83009  -0.72775  -0.27778  67.82455  0.97760   2.00000   2.22614  
53.64464  -53.98920 23.66616  23.26950  0.20918   0.11545   5.90966   59.10462  4.95121   -0.45552  63.60032  3.75081   2.00000   4.25071  
53.92837  -54.03535 23.20093  22.87098  0.05496   0.03033   8.33403   72.38135  0.11400   -1.43538  71.05997  2.48298   2.00000   3.18829  
54.03410  -54.12663 22.76628  22.48592  0.12820   0.07076   11.55345  63.98721  3.78851   -0.23849  67.53723  1.67782   2.00000   2.61057  
53.54719  -54.21798 23.65893  23.26345  0.34348   0.18958   5.94027   71.19892  -1.89739  -0.99500  68.30653  3.72763   2.00000   4.23027  
54.04996  -53.97018 21.84292  21.63412  0.04186   0.02310   24.33470  57.22126  -1.19670  1.00059   57.02515  0.68632   2.00000   2.11448  
54.17737  -54.04382 22.81705  22.53163  0.11304   0.06239   11.12412  56.75950  -0.66122  0.28796   56.38624  1.75582   2.00000   2.66138  
53.94127  -54.00579 22.92697  22.62952  0.03500   0.01932   10.31926  58.45442  -1.26344  0.53551   57.72649  1.92142   2.00000   2.77342  
54.10044  -53.95301 22.62389  22.35699  0.07548   0.04166   13.10272  51.67100  2.04005   -0.94381  52.76724  1.44267   2.00000   2.46603  
54.05554  -53.93338 23.44767  23.08350  0.07420   0.04095   6.85078   64.39328  -4.60720  -1.85548  57.93060  3.14132   2.00000   3.72396  
53.93941  -54.00246 23.74466  23.33554  0.03570   0.01970   5.57554   67.85643  1.78911   -1.71931  67.92622  4.02213   2.00000   4.49194  
53.94216  -53.81019 23.85373  23.42721  0.19284   0.10643   5.11171   58.32141  -4.07946  -0.08739  54.15455  4.46396   2.00000   4.89152  
54.12415  -53.97151 23.79311  23.37650  0.07836   0.04325   5.36829   64.62165  0.18786   -3.18574  61.62376  4.20918   2.00000   4.66017  
53.99376  -54.02190 23.55014  23.17136  0.02220   0.01225   6.40623   67.81096  -0.74711  3.39195   70.45580  3.40469   2.00000   3.94866  
53.98736  -54.07192 23.49744  23.12621  0.07230   0.03990   6.63467   66.05280  -3.26841  0.20015   62.98454  3.26450   2.00000   3.82844  
54.43888  -54.01749 22.59523  22.33126  0.25850   0.14267   13.41188  57.56588  -2.30598  -5.78109  49.47881  1.40285   2.00000   2.44295  
54.03540  -53.98865 22.98921  22.68506  0.02370   0.01308   9.86263   63.98397  -0.87380  -0.85138  62.25879  2.02866   2.00000   2.84876  
54.00951  -54.14035 22.40927  22.16184  0.14046   0.07752   15.44773  64.24163  -0.02394  -0.05547  64.16222  1.18403   2.00000   2.32420  
54.00926  -54.00309 23.43840  23.07554  0.00626   0.00346   6.89103   60.94206  -3.21812  0.52437   58.24832  3.11931   2.00000   3.70542  
53.94371  -54.07714 23.53940  23.16217  0.08392   0.04632   6.45271   63.23929  -1.54580  2.08706   63.78055  3.37527   2.00000   3.92332  
53.65124  -53.74072 22.74721  22.46859  0.33092   0.18265   11.76164  67.11431  1.92806   -0.25370  68.78867  1.64225   2.00000   2.58785  
53.81588  -53.92170 22.94362  22.64438  0.13366   0.07377   10.19716  54.30360  -1.97883  2.51821   54.84297  1.94906   2.00000   2.79264  
54.38082  -54.48530 22.52773  22.27066  0.53389   0.29467   14.14015  49.94414  -0.72035  0.99640   50.22019  1.31660   2.00000   2.39446  
54.19687  -54.01116 22.67287  22.40105  0.11624   0.06416   12.57319  59.58712  2.70796   1.69097   63.98605  1.51588   2.00000   2.50956  
54.09900  -53.99486 21.47530  21.27947  0.05842   0.03224   31.76095  53.65835  1.07012   -2.07109  52.65738  0.49857   2.00000   2.06121  
54.06434  -53.95457 22.24306  22.00834  0.05912   0.03263   17.29234  53.79282  -0.42878  -2.06115  51.30289  1.03413   2.00000   2.25154  
53.91793  -54.02174 21.87965  21.66879  0.05290   0.02920   23.67682  65.39026  -0.53886  1.35878   66.21018  0.70927   2.00000   2.12204  
53.85272  -54.03542 23.02746  22.71876  0.09350   0.05161   9.58556   68.08614  -1.65995  -0.66153  65.76465  2.09922   2.00000   2.89944  
54.01148  -54.07482 21.07167  20.84255  0.07512   0.04146   43.92226  55.62358  0.28143   0.37659   56.28159  0.33789   2.00000   2.02834  
54.76505  -53.55809 21.92772  21.71399  0.63217   0.34892   22.81925  49.70942  0.12032   -3.76486  46.06488  0.74138   2.00000   2.13299  
54.20753  -54.02567 23.15013  22.82658  0.12462   0.06878   8.69906   69.26707  -1.23956  2.27195   70.29946  2.35848   2.00000   3.09232  
54.27140  -54.01973 23.83743  23.41378  0.16070   0.08869   5.17968   60.67810  -5.48824  0.71911   55.90897  4.39376   2.00000   4.82754  
54.04454  -54.03507 22.36841  22.12421  0.04376   0.02415   15.89993  49.99510  2.46915   -1.28536  51.17889  1.14374   2.00000   2.30394  
54.87125  -54.51932 23.86868  23.43954  0.72709   0.40132   5.04935   58.41965  -10.58432 0.37002   48.20534  4.53020   2.00000   4.95205  
53.83755  -53.92903 23.64902  23.25516  0.11904   0.06570   5.98223   61.99784  2.15792   -0.08383  64.07192  3.69627   2.00000   4.20267  
54.21734  -54.00311 21.03763  20.80028  0.12778   0.07053   45.52609  46.00312  0.15562   -1.05941  45.09933  0.32366   2.00000   2.02602  
54.14945  -54.08998 23.80990  23.39070  0.12568   0.06937   5.29645   64.16842  2.68065   0.35251   67.20158  4.27778   2.00000   4.72222  
54.06180  -53.91443 22.51649  22.26034  0.09298   0.05132   14.26408  61.11321  0.63565   2.96093   64.70980  1.30289   2.00000   2.38695  
53.93545  -53.96615 23.49303  23.12243  0.05086   0.02807   6.65381   65.23140  1.23757   -1.35679  65.11218  3.25324   2.00000   3.81884  
53.82329  -54.12091 22.02416  21.80440  0.15930   0.08792   21.10383  65.04942  1.04340   3.40860   69.50142  0.81427   2.00000   2.15941  
54.06076  -54.00072 23.65287  23.25838  0.03572   0.01971   5.96590   58.29452  -2.17696  1.97723   58.09480  3.70842   2.00000   4.21335  
53.96742  -53.96386 23.79315  23.37654  0.04090   0.02257   5.36811   51.09433  -2.10802  -0.49594  48.49037  4.20935   2.00000   4.66032  
53.80961  -54.08721 21.46341  21.26733  0.14178   0.07825   32.02970  64.44220  0.53042   2.46618   67.43880  0.49356   2.00000   2.06000  
53.87181  -53.89079 23.06332  22.75035  0.13274   0.07326   9.32583   55.33276  -1.69272  -0.67024  52.96981  2.16958   2.00000   2.95077  
53.91897  -54.03556 22.58026  22.31782  0.05942   0.03280   13.57340  57.33618  0.14664   0.27302   57.75584  1.38285   2.00000   2.43151  
54.10479  -54.07722 23.81084  23.39149  0.09874   0.05450   5.29243   55.20586  2.87396   0.50066   58.58047  4.28167   2.00000   4.72575  
54.38750  -54.36893 22.76084  22.48097  0.43305   0.23901   11.61288  52.98753  1.97480   -0.07735  54.88498  1.66752   2.00000   2.60397  
53.63570  -54.21561 23.56198  23.18149  0.30348   0.16750   6.35496   55.30832  4.18264   0.81690   60.30787  3.43768   2.00000   3.97714  
53.99996  -53.99806 22.22534  21.99181  0.00194   0.00107   17.54797  57.36560  -0.69509  3.27866   59.94916  1.01608   2.00000   2.24331  
54.13477  -53.79481 23.10317  22.78546  0.22002   0.12144   9.03718   54.22038  -1.26556  0.58014   53.53496  2.25300   2.00000   3.01264  
54.09422  -53.99611 22.53961  22.28132  0.05552   0.03064   14.01194  62.00893  1.72642   0.14784   63.88320  1.33107   2.00000   2.40245  
53.99227  -54.01377 22.60450  22.33958  0.01450   0.00800   13.31196  63.66882  -0.93120  3.71714   66.45476  1.41550   2.00000   2.45023  
54.20114  -53.85513 23.86449  23.43608  0.18712   0.10328   5.06682   49.00393  1.80858   2.33157   53.14408  4.51146   2.00000   4.93490  
53.34140  -53.42607 22.14577  21.91758  0.69377   0.38293   18.95631  57.82865  -0.35823  0.54195   58.01237  0.92618   2.00000   2.20404  
54.19734  -54.01300 21.54865  21.35230  0.11670   0.06441   30.14878  62.41499  0.59093   -1.40874  61.59718  0.53073   2.00000   2.06922  
54.04509  -54.03428 23.04814  22.73698  0.04332   0.02391   9.43578   59.06236  -1.18067  2.86727   60.74897  2.13927   2.00000   2.92857  
54.00575  -53.94392 22.32381  22.08312  0.05618   0.03101   16.39364  52.77833  -0.48032  -0.99723  51.30077  1.10253   2.00000   2.28376  
